country3_003538.jpg,1 244 452 369 639 
country3_004276.jpg,3 27 439 173 628 
country3_000311.jpg,2 405 514 555 575 1 350 455 433 561 2 532 541 639 596 
country3_002440.jpg,1 168 414 196 593 1 0 499 150 616 
country3_004215.jpg,
country3_004541.jpg,
country3_002180.jpg,
country3_003891.jpg,3 259 402 314 536 
country3_002818.jpg,1 457 487 597 624 3 51 517 417 640 
country3_004198.jpg,2 501 584 640 627 1 0 563 31 619 
country3_003091.jpg,
country3_001971.jpg,2 416 557 611 613 1 555 467 639 544 
country3_001723.jpg,
country3_000742.jpg,
country3_003876.jpg,1 448 535 572 640 2 365 445 515 468 1 158 444 220 584 
country3_004744.jpg,
country3_002428.jpg,1 215 450 238 510 2 0 573 112 600 1 0 397 94 497 
country3_002135.jpg,1 330 367 635 568 2 54 372 343 397 1 355 452 454 572 
country3_003007.jpg,3 180 375 272 470 
country3_003561.jpg,1 117 512 187 611 1 218 428 240 498 
country3_003078.jpg,1 173 450 200 558 
country3_000897.jpg,
country3_000092.jpg,2 2 476 321 608 
country3_004407.jpg,1 387 427 618 621 2 0 513 248 552 1 221 358 242 410 1 301 357 369 416 
country3_003731.jpg,1 375 530 484 640 3 313 388 368 427 
country3_000938.jpg,1 407 577 454 640 
country3_000095.jpg,2 494 501 638 527 
country3_004403.jpg,3 78 388 442 639 3 0 405 78 476 2 373 461 467 483 
country3_002363.jpg,2 1 531 190 568 2 189 465 343 511 2 25 447 187 477 2 0 505 159 527 
country3_004168.jpg,1 57 505 169 634 2 0 521 135 545 1 279 526 306 640 
country3_000741.jpg,1 101 447 217 639 1 424 433 637 615 1 328 415 459 635 
country3_003465.jpg,2 457 496 640 598 
country3_002442.jpg,2 0 533 188 559 1 187 444 241 551 
country3_001329.jpg,2 346 522 419 543 
country3_001050.jpg,2 0 489 195 537 
country3_000756.jpg,2 421 525 635 569 
country3_004269.jpg,2 373 493 640 523 2 0 493 216 519 
country3_001382.jpg,1 45 386 213 618 2 162 446 270 488 
country3_000494.jpg,2 0 465 201 490 1 212 411 248 548 
country3_001005.jpg,2 246 429 437 472 
country3_003447.jpg,2 0 515 367 571 
country3_002907.jpg,1 259 379 290 559 2 3 414 186 436 
country3_004042.jpg,2 423 496 557 518 1 375 399 430 466 2 187 506 347 531 
country3_001366.jpg,2 30 502 342 566 
country3_001360.jpg,2 22 460 409 521 1 204 381 224 437 
country3_000217.jpg,1 258 420 307 639 
country3_000738.jpg,2 409 514 587 536 2 53 444 288 473 
country3_003752.jpg,3 1 399 297 636 
country3_004535.jpg,1 389 425 639 620 1 22 463 149 611 
country3_003957.jpg,
country3_003414.jpg,1 394 507 582 640 3 50 513 412 639 
country3_001439.jpg,1 338 426 580 595 
country3_002193.jpg,
country3_004275.jpg,
country3_001803.jpg,2 330 516 375 556 
country3_000281.jpg,2 59 516 370 617 
country3_002868.jpg,2 512 568 639 592 2 282 489 379 506 
country3_003276.jpg,2 456 497 634 521 
country3_002421.jpg,1 231 471 263 639 
country3_000425.jpg,1 48 361 169 588 1 206 393 280 640 2 0 468 107 490 
country3_002959.jpg,1 283 454 330 639 2 2 545 208 607 2 150 423 454 467 2 278 423 456 456 
country3_004603.jpg,1 46 409 130 622 2 362 439 477 482 2 432 403 514 436 1 278 402 373 489 
country3_001331.jpg,1 110 389 223 495 1 163 462 220 552 1 306 455 329 537 2 91 524 173 544 1 434 439 505 526 
country3_001110.jpg,1 121 414 146 486 1 308 386 639 547 2 233 453 437 511 1 215 547 247 640 
country3_000278.jpg,2 58 508 203 564 1 260 499 320 561 
country3_004463.jpg,2 330 547 564 578 2 39 545 116 563 
country3_002228.jpg,1 52 481 129 623 1 147 398 182 452 1 31 407 119 486 1 240 396 262 453 
country3_003458.jpg,1 93 509 191 639 1 324 463 395 561 2 399 556 473 572 
country3_000129.jpg,1 164 530 205 640 
country3_002655.jpg,
country3_001232.jpg,
country3_003668.jpg,2 0 573 64 596 1 0 515 40 569 
country3_002947.jpg,1 15 433 149 617 2 6 518 290 576 
country3_000877.jpg,2 167 462 621 500 
country3_004790.jpg,3 157 400 425 640 
country3_000417.jpg,3 348 407 431 487 
country3_000948.jpg,1 71 401 158 639 2 170 582 379 622 
country3_001702.jpg,1 425 470 582 639 
country3_001377.jpg,2 277 565 404 595 
country3_002780.jpg,2 499 556 639 639 2 302 450 414 481 1 381 410 585 499 1 256 378 390 639 
country3_000020.jpg,
country3_000620.jpg,3 0 426 119 620 
country3_002650.jpg,3 140 396 342 640 
country3_000388.jpg,2 95 568 274 616 1 248 481 291 516 2 92 582 257 616 
country3_002326.jpg,1 190 380 252 551 
country3_002012.jpg,2 134 468 282 497 1 418 410 526 639 1 386 374 404 417 
country3_004277.jpg,3 192 397 310 548 1 0 405 103 608 
country3_003759.jpg,2 106 600 337 627 
country3_001264.jpg,4 298 549 327 573 
country3_003660.jpg,2 416 545 538 571 1 2 430 163 575 1 172 365 234 424 
country3_001038.jpg,1 304 480 337 593 
country3_001732.jpg,2 0 495 216 532 1 209 383 241 522 
country3_001764.jpg,2 7 370 291 397 
country3_000569.jpg,2 460 577 639 623 
country3_003500.jpg,
country3_004271.jpg,1 280 511 313 640 1 65 512 181 639 1 0 427 93 534 
country3_004197.jpg,2 1 459 424 576 
country3_002978.jpg,1 342 476 406 613 2 123 446 441 510 
country3_003036.jpg,1 214 393 290 547 
country3_003597.jpg,3 94 431 447 640 
country3_000436.jpg,2 0 487 163 521 
country3_001139.jpg,3 228 471 358 639 
country3_004010.jpg,3 0 368 235 525 
country3_002836.jpg,2 475 518 640 561 1 340 390 542 638 1 174 556 215 640 
country3_002459.jpg,2 10 486 301 543 
country3_003519.jpg,1 158 410 227 509 1 26 463 84 495 
country3_003733.jpg,1 253 418 387 639 
country3_004542.jpg,1 211 381 311 638 2 0 486 197 518 
country3_003169.jpg,1 62 398 249 639 
country3_000154.jpg,2 22 496 581 585 1 365 540 453 640 
country3_003034.jpg,1 36 539 71 619 
country3_000360.jpg,2 266 433 452 639 
country3_000933.jpg,3 231 401 448 640 
country3_004641.jpg,2 1 564 203 593 
country3_001806.jpg,2 0 497 81 517 1 65 454 117 592 
country3_003503.jpg,1 274 391 446 639 
country3_004538.jpg,
country3_004633.jpg,3 0 364 259 639 
country3_003312.jpg,2 15 464 333 544 
country3_003200.jpg,2 34 469 392 494 1 179 494 260 640 2 485 519 634 542 
country3_002033.jpg,1 279 424 314 489 1 192 457 216 539 1 206 363 221 398 
country3_002153.jpg,2 146 489 379 540 1 2 505 70 620 1 1 455 140 617 
country3_000214.jpg,2 241 513 354 535 
country3_000592.jpg,2 0 573 109 594 1 352 419 380 484 2 450 547 581 569 
country3_001674.jpg,1 66 388 171 485 2 0 479 122 500 
country3_003760.jpg,2 0 532 222 569 
country3_004710.jpg,
country3_001893.jpg,1 403 427 591 633 1 25 418 227 618 1 155 418 222 519 1 36 540 100 620 
country3_000614.jpg,2 0 525 618 596 
country3_001970.jpg,1 16 456 100 616 1 193 403 228 471 
country3_001284.jpg,1 309 352 378 640 2 5 521 171 546 
country3_002321.jpg,2 2 560 173 590 2 500 578 639 603 1 535 449 640 528 2 373 439 635 464 
country3_000934.jpg,2 0 588 97 608 
country3_003217.jpg,3 0 381 443 639 
country3_004672.jpg,1 252 442 349 640 1 81 407 177 640 
country3_003285.jpg,
country3_000840.jpg,2 95 551 284 576 
country3_001357.jpg,
country3_003798.jpg,
country3_001521.jpg,2 125 573 485 615 
country3_000066.jpg,3 369 431 640 627 1 0 375 141 502 
country3_002702.jpg,1 114 468 165 541 2 79 523 354 640 
country3_003310.jpg,1 187 376 236 445 2 18 436 430 464 1 0 482 63 544 1 264 457 287 522 
country3_003089.jpg,1 89 435 145 639 
country3_002689.jpg,1 285 480 434 640 1 5 418 82 620 1 82 378 97 419 2 522 543 615 598 2 150 479 250 516 
country3_004696.jpg,2 395 543 554 568 2 0 440 191 462 
country3_004261.jpg,4 226 538 377 639 1 429 439 455 485 
country3_004534.jpg,2 79 562 174 581 
country3_002100.jpg,2 304 509 405 533 2 110 439 281 462 2 39 521 266 546 
country3_001668.jpg,1 263 485 302 551 1 74 383 184 615 2 0 428 285 469 1 261 399 397 571 
country3_000967.jpg,3 0 387 270 607 1 467 408 640 496 
country3_001338.jpg,
country3_004018.jpg,2 0 458 390 562 
country3_003382.jpg,3 77 361 207 504 
country3_001856.jpg,1 196 377 293 595 2 336 555 526 640 1 238 535 283 640 1 448 451 510 556 1 571 530 609 620 
country3_002962.jpg,1 130 390 271 639 2 225 477 405 503 2 94 545 177 561 
country3_003020.jpg,2 388 585 640 611 
country3_001421.jpg,2 134 453 349 480 
country3_002622.jpg,1 458 566 529 640 3 224 512 301 639 
country3_002920.jpg,3 0 385 200 626 1 450 503 635 590 2 448 504 638 589 
country3_001239.jpg,2 235 567 426 598 1 327 592 346 639 
country3_000147.jpg,1 293 425 321 552 
country3_002253.jpg,2 113 492 358 564 
country3_003021.jpg,4 273 444 312 467 
country3_004100.jpg,1 157 415 212 562 2 506 530 569 557 2 558 565 620 595 
country3_004157.jpg,1 229 356 259 453 1 243 479 292 640 
country3_004342.jpg,2 208 415 432 437 
country3_001454.jpg,2 384 462 545 484 
country3_004098.jpg,3 287 364 638 638 
country3_000085.jpg,2 3 439 130 459 2 5 399 153 419 
country3_003627.jpg,1 37 463 95 569 2 237 455 435 516 
country3_003023.jpg,1 287 387 477 638 
country3_001874.jpg,1 99 443 158 595 1 474 528 540 638 3 214 400 359 638 
country3_004800.jpg,1 458 499 594 640 1 397 413 493 510 1 396 381 445 415 1 365 388 385 415 3 253 419 346 639 
country3_002588.jpg,1 374 421 612 621 
country3_003579.jpg,1 45 489 143 568 
country3_000885.jpg,2 227 471 305 490 1 469 443 640 524 2 0 492 153 523 1 309 461 424 639 2 317 445 410 467 
country3_001616.jpg,2 0 530 125 553 
country3_002439.jpg,1 43 522 134 618 3 461 393 640 519 1 193 416 243 461 
country3_003473.jpg,1 32 499 139 602 1 207 397 238 439 
country3_004693.jpg,2 2 527 382 579 2 0 460 215 492 
country3_000583.jpg,2 130 505 321 552 1 363 400 391 561 2 366 589 597 639 1 414 470 484 612 
country3_003738.jpg,
country3_001617.jpg,1 342 483 491 640 1 243 495 301 640 1 86 410 120 450 
country3_000585.jpg,
country3_001483.jpg,
country3_002255.jpg,2 0 403 388 446 1 0 381 130 510 
country3_001689.jpg,
country3_003070.jpg,2 450 562 639 595 2 0 595 96 617 
country3_003122.jpg,2 1 460 422 546 1 359 414 638 612 
country3_001472.jpg,3 0 383 271 630 3 305 394 424 562 2 462 519 639 564 1 411 384 487 421 1 518 433 637 482 
country3_004450.jpg,1 0 365 134 501 1 45 406 148 616 
country3_001080.jpg,2 130 553 237 581 2 476 565 593 583 1 455 517 490 581 
country3_001035.jpg,2 480 497 640 519 
country3_002887.jpg,1 336 434 385 530 
country3_000848.jpg,2 1 548 135 571 
country3_002874.jpg,3 209 486 371 640 
country3_002613.jpg,1 213 508 280 640 
country3_000543.jpg,2 243 513 524 561 
country3_001908.jpg,1 186 413 221 539 1 43 510 82 617 
country3_000136.jpg,2 95 486 488 608 1 478 432 566 476 
country3_002071.jpg,1 239 458 264 536 
country3_001205.jpg,1 280 376 504 638 1 527 498 639 573 
country3_003393.jpg,1 282 526 315 640 1 540 531 639 615 
country3_003744.jpg,2 0 476 190 504 3 263 415 389 638 
country3_001999.jpg,1 447 485 520 639 1 203 489 343 639 
country3_002377.jpg,1 168 420 210 557 2 0 496 173 524 
country3_003883.jpg,3 0 395 153 623 1 321 403 370 439 1 187 417 221 585 
country3_004117.jpg,
country3_004529.jpg,1 446 552 532 639 2 388 510 594 567 1 367 444 451 534 
country3_002719.jpg,3 178 478 333 640 4 252 588 293 608 
country3_001342.jpg,1 0 385 190 478 1 252 426 297 510 
country3_002761.jpg,1 422 445 637 619 2 160 388 345 417 
country3_002352.jpg,3 199 451 438 639 
country3_003355.jpg,
country3_004164.jpg,3 221 414 575 640 
country3_001523.jpg,2 17 555 226 612 1 330 462 525 639 
country3_003208.jpg,2 33 482 445 560 
country3_000324.jpg,2 81 552 161 579 
country3_002843.jpg,2 193 417 533 447 
country3_004582.jpg,2 522 522 640 639 1 237 400 325 526 
country3_001011.jpg,2 232 407 345 425 1 108 380 244 599 1 0 420 142 517 
country3_001914.jpg,1 276 407 361 557 1 202 444 233 504 
country3_003291.jpg,2 0 536 97 558 
country3_003858.jpg,2 0 520 155 544 2 109 508 603 612 
country3_002268.jpg,
country3_002353.jpg,1 288 392 326 530 1 186 396 260 526 
country3_003416.jpg,3 165 394 326 639 
country3_004751.jpg,1 153 372 183 464 2 0 456 203 507 
country3_002767.jpg,4 160 505 224 522 
country3_001581.jpg,1 79 406 183 591 
country3_003917.jpg,1 53 412 260 634 1 432 467 477 557 
country3_003972.jpg,2 231 478 375 521 2 0 427 307 470 1 0 540 149 615 1 74 362 98 409 2 7 389 262 417 
country3_001181.jpg,3 359 424 408 503 
country3_001215.jpg,2 8 503 542 586 1 78 409 208 522 1 415 405 640 591 
country3_003722.jpg,2 0 522 193 561 1 281 398 391 638 
country3_003751.jpg,2 208 580 413 625 1 116 400 198 639 
country3_003308.jpg,1 486 445 577 519 
country3_001123.jpg,1 217 375 241 456 2 1 432 360 501 3 414 409 639 595 
country3_000267.jpg,2 111 517 250 564 
country3_004667.jpg,1 477 507 583 622 3 180 429 302 639 1 384 489 468 640 2 310 439 429 472 
country3_000808.jpg,1 119 376 247 639 1 302 486 348 640 1 9 371 183 476 2 91 425 362 452 
country3_002163.jpg,1 52 473 152 577 2 0 452 391 488 
country3_001550.jpg,1 426 413 640 616 2 254 514 391 545 1 5 420 183 555 
country3_002164.jpg,1 0 389 178 529 3 199 366 547 634 
country3_003807.jpg,2 0 551 157 579 1 293 387 340 639 
country3_002683.jpg,2 167 569 378 602 
country3_002329.jpg,3 79 394 272 638 2 248 442 552 486 
country3_001320.jpg,3 0 383 216 626 2 348 525 447 547 
country3_000338.jpg,3 9 378 465 633 
country3_000382.jpg,1 424 488 575 638 1 0 482 121 589 1 86 415 189 480 
country3_001489.jpg,1 239 377 264 488 1 175 385 215 445 3 87 546 624 639 
country3_003223.jpg,
country3_001365.jpg,2 60 562 281 638 2 295 604 497 639 
country3_003712.jpg,3 213 526 360 608 
country3_000170.jpg,2 432 536 541 564 1 415 421 639 621 1 122 397 239 639 2 58 483 161 503 
country3_001432.jpg,2 475 472 637 518 1 311 394 572 638 
country3_001100.jpg,1 0 390 126 467 3 271 434 358 558 2 343 440 451 460 
country3_000034.jpg,2 140 419 406 463 
country3_003085.jpg,1 62 512 148 638 
country3_002470.jpg,2 0 544 100 566 
country3_001252.jpg,1 0 387 190 604 
country3_003153.jpg,
country3_003530.jpg,1 319 397 419 638 2 232 464 333 482 
country3_004625.jpg,2 307 542 569 639 1 427 425 635 625 
country3_002657.jpg,
country3_001688.jpg,2 0 459 602 492 
country3_000332.jpg,1 178 490 271 639 
country3_000894.jpg,1 121 397 259 589 2 0 594 88 619 
country3_001036.jpg,3 445 522 614 623 2 0 573 189 597 1 176 453 234 640 
country3_003840.jpg,2 40 538 268 613 
country3_000518.jpg,1 176 370 301 558 
country3_002272.jpg,3 52 403 193 634 
country3_002245.jpg,2 14 419 311 440 
country3_000532.jpg,3 111 369 639 636 
country3_000259.jpg,1 118 418 176 564 2 224 490 419 541 
country3_001280.jpg,1 302 459 370 556 1 103 487 138 570 1 277 507 300 541 1 156 383 185 447 
country3_001135.jpg,2 372 479 635 575 1 322 418 587 637 
country3_001966.jpg,1 332 413 406 639 2 0 473 222 498 
country3_000664.jpg,1 322 412 556 620 1 91 562 168 639 
country3_002991.jpg,1 202 415 257 639 1 342 462 502 638 1 0 495 152 618 
country3_001444.jpg,3 154 401 524 640 
country3_002454.jpg,2 371 499 637 557 1 378 426 535 639 3 241 465 315 639 
country3_003607.jpg,3 0 407 338 633 
country3_004660.jpg,1 373 463 457 638 1 466 382 639 470 2 390 412 521 429 
country3_001476.jpg,2 8 497 214 539 
country3_004239.jpg,2 194 603 421 639 1 150 473 261 639 
country3_000801.jpg,1 140 447 218 639 2 44 587 163 617 
country3_004263.jpg,1 419 432 613 618 1 333 399 442 639 
country3_003526.jpg,1 239 430 261 488 
country3_003189.jpg,1 288 529 337 640 2 169 478 442 511 
country3_000467.jpg,2 216 459 306 491 2 119 574 303 639 
country3_002217.jpg,2 0 456 309 534 
country3_003425.jpg,1 241 398 280 491 3 227 488 322 639 2 351 469 437 492 
country3_001427.jpg,
country3_002350.jpg,1 516 527 635 620 
country3_001192.jpg,3 315 432 466 640 
country3_000729.jpg,2 224 578 329 602 2 51 600 166 621 
country3_002191.jpg,3 468 466 640 599 1 364 486 502 639 1 82 523 114 585 
country3_001064.jpg,
country3_004434.jpg,
country3_004686.jpg,1 452 460 596 627 
country3_001117.jpg,3 89 377 638 636 
country3_001745.jpg,1 363 529 392 637 3 163 514 321 640 1 467 555 512 639 
country3_000380.jpg,2 307 497 433 516 
country3_001204.jpg,2 244 457 405 496 
country3_003613.jpg,1 490 459 640 572 2 495 577 602 603 1 296 367 340 476 2 338 485 404 501 
country3_003820.jpg,1 66 500 171 639 2 6 447 375 483 1 104 469 152 538 
country3_001601.jpg,1 347 427 368 477 1 366 366 625 543 1 220 392 270 530 2 479 568 639 606 
country3_002969.jpg,1 23 471 99 620 3 136 429 359 640 
country3_002827.jpg,2 1 556 133 581 1 420 500 528 638 2 308 514 413 540 
country3_000753.jpg,1 208 469 258 640 
country3_003817.jpg,2 61 460 234 491 3 224 397 354 542 3 153 394 175 425 
country3_000266.jpg,2 132 436 309 455 
country3_000048.jpg,2 1 515 154 539 1 257 416 289 539 1 139 395 231 568 
country3_000433.jpg,2 0 428 317 471 
country3_003674.jpg,1 102 402 192 577 
country3_004213.jpg,2 207 489 301 510 
country3_004687.jpg,2 0 502 359 586 1 334 441 474 640 2 442 556 565 602 
country3_000090.jpg,2 464 566 636 606 
country3_003782.jpg,3 0 391 465 639 1 469 400 640 503 1 544 492 615 548 1 442 555 475 639 
country3_001206.jpg,1 211 416 237 523 1 32 460 159 614 2 94 555 214 577 
country3_003418.jpg,1 456 523 594 633 
country3_003696.jpg,2 501 538 628 567 
country3_004141.jpg,1 262 407 298 542 1 541 517 639 601 
country3_002383.jpg,2 504 467 590 512 
country3_000500.jpg,3 17 495 160 639 1 244 400 292 513 
country3_002749.jpg,2 174 401 421 426 
country3_003278.jpg,1 279 398 333 495 1 0 430 88 525 
country3_001302.jpg,
country3_004190.jpg,2 1 507 279 578 1 143 412 182 527 
country3_002741.jpg,1 108 410 173 581 2 374 534 570 565 1 455 549 493 632 
country3_004012.jpg,1 269 431 304 546 
country3_001356.jpg,1 0 382 184 600 1 204 391 239 488 1 426 391 640 498 
country3_002054.jpg,1 211 399 277 544 
country3_001198.jpg,1 204 482 229 553 2 53 457 336 487 
country3_003961.jpg,1 477 410 622 526 
country3_002117.jpg,1 502 457 542 485 1 162 425 289 627 3 408 458 508 640 
country3_004755.jpg,
country3_004284.jpg,1 424 501 542 624 1 279 463 298 535 
country3_004173.jpg,2 0 480 400 542 
country3_002386.jpg,1 230 382 393 577 
country3_003349.jpg,1 0 487 122 595 1 435 419 589 623 
country3_000969.jpg,2 0 462 563 534 1 241 540 273 640 
country3_002771.jpg,1 165 478 224 640 1 353 505 511 640 
country3_000611.jpg,1 60 419 164 630 2 0 556 90 581 
country3_002311.jpg,3 14 488 202 639 
country3_000795.jpg,3 256 420 456 639 2 2 488 113 515 
country3_002669.jpg,2 0 449 255 485 1 427 487 588 635 
country3_004675.jpg,
country3_001407.jpg,4 364 553 410 584 1 385 471 408 547 2 355 441 521 468 2 494 510 639 536 
country3_003233.jpg,1 264 421 299 639 1 0 457 74 524 1 121 481 203 578 2 292 474 624 504 
country3_000410.jpg,
country3_004774.jpg,1 144 459 217 588 2 214 430 366 467 
country3_001228.jpg,1 360 413 508 639 2 429 494 569 526 
country3_004722.jpg,1 27 431 131 616 2 472 557 616 640 1 358 471 409 526 
country3_003823.jpg,
country3_000238.jpg,1 369 440 546 637 1 346 531 436 639 
country3_004055.jpg,3 228 379 319 639 3 348 420 588 639 
country3_004748.jpg,1 180 431 223 522 3 288 417 410 559 1 349 559 426 639 
country3_000357.jpg,3 215 443 397 563 
country3_002302.jpg,
country3_001086.jpg,
country3_003804.jpg,1 198 388 236 553 1 323 478 369 527 1 8 400 169 619 
country3_003703.jpg,1 293 439 333 521 1 406 513 464 564 2 120 505 218 528 1 75 551 157 640 
country3_002378.jpg,2 1 445 189 468 1 206 481 232 544 
country3_001496.jpg,2 176 545 324 599 
country3_000440.jpg,1 141 439 208 511 2 146 486 457 529 
country3_003997.jpg,1 305 427 322 475 1 475 394 639 506 2 99 517 204 537 1 335 401 347 426 
country3_003101.jpg,1 444 511 490 575 2 93 501 251 527 1 366 442 448 638 
country3_002344.jpg,2 0 507 252 580 2 0 552 112 578 
country3_004221.jpg,3 0 394 158 507 3 14 393 561 640 
country3_002451.jpg,1 96 394 240 637 2 131 545 314 601 
country3_002122.jpg,1 0 390 152 526 2 0 563 74 587 
country3_004455.jpg,1 308 492 382 579 3 419 515 617 627 1 268 557 316 640 1 110 508 197 639 
country3_002066.jpg,1 364 422 452 517 
country3_002529.jpg,3 0 417 172 622 1 243 470 270 544 
country3_002096.jpg,2 228 496 521 528 1 0 430 153 593 
country3_002610.jpg,3 22 375 439 639 
country3_002857.jpg,2 0 459 181 492 1 0 478 89 552 
country3_000178.jpg,1 0 430 72 473 1 117 386 275 637 2 57 466 388 505 
country3_001637.jpg,1 134 430 190 535 2 22 523 140 544 2 286 456 493 488 
country3_001253.jpg,1 118 365 255 638 1 406 404 639 596 
country3_001094.jpg,
country3_002422.jpg,2 0 426 190 452 
country3_004530.jpg,2 1 420 339 465 
country3_003911.jpg,1 33 515 149 617 
country3_002943.jpg,1 36 486 146 621 1 315 436 371 543 1 210 525 228 576 
country3_000570.jpg,1 192 439 221 513 1 257 434 279 508 1 218 364 237 412 
country3_003108.jpg,2 0 575 80 595 2 273 426 405 451 
country3_002810.jpg,1 477 427 536 478 3 223 472 318 640 1 449 518 496 582 2 408 470 640 502 
country3_003810.jpg,2 284 472 640 530 2 326 423 483 450 
country3_002980.jpg,1 404 445 524 638 1 461 427 640 578 
country3_004700.jpg,2 51 465 183 485 
country3_000520.jpg,3 416 509 578 639 1 302 379 382 453 
country3_002102.jpg,3 155 546 231 639 
country3_004491.jpg,1 70 394 203 639 2 190 432 303 449 
country3_001185.jpg,1 352 391 492 622 2 485 604 639 632 
country3_000057.jpg,2 0 435 195 467 1 227 379 261 640 
country3_002068.jpg,2 331 430 433 447 
