1 0.531976819038 0.621898810069 0.038767178853 0.022995471954
1 0.512195984523 0.677065690358 0.209468205770 0.049061338107
1 0.319773395856 0.662359356880 0.056834757328 0.024811983109
1 0.639462431272 0.780948321025 0.030445416768 0.022696574529
1 0.487646420797 0.743094046911 0.062581857045 0.031457901001
1 0.514638264974 0.535491069158 0.088327447573 0.039139032364
4 0.594383835793 0.805823167165 0.049326578776 0.071524858475
1 0.500859061877 0.655715386073 0.138680140177 0.054520765940
1 0.454761743546 0.664324164391 0.041358470917 0.020881255468
1 0.252445101738 0.693269809087 0.051566819350 0.031869888306
1 0.564269701640 0.620085875193 0.130740443865 0.042152047157
1 0.513775030772 0.764047463735 0.039512793223 0.027783711751
1 0.517504294713 0.767988999685 0.099609335264 0.040883938471
1 0.487402359645 0.637478033702 0.061172326406 0.027778744698
4 0.576419711113 0.593639969826 0.032303730647 0.061359643936
1 0.548133254051 0.742162386576 0.135993639628 0.123034874598
1 0.480716705322 0.676994323730 0.068143526713 0.049416899681
1 0.321974058946 0.658723831177 0.123416225115 0.041678110758
1 0.271529078484 0.710028171539 0.143926322460 0.079362789790
1 0.514816284180 0.623674670855 0.060881058375 0.033159653346
1 0.485822041829 0.718876838684 0.057652513186 0.105440258980
1 0.285600423813 0.703873952230 0.113912840684 0.063600460688
1 0.493679722150 0.601816177368 0.113724231720 0.091347297033
1 0.418233911196 0.593093752861 0.264836569627 0.070348024368
1 0.385176340739 0.581146876017 0.055732528369 0.023115634918
1 0.419149796168 0.592415730158 0.268483062585 0.065490523974
1 0.521803776423 0.658361077309 0.042233586311 0.027395963669
1 0.184635400772 0.705922285716 0.052509079377 0.039313554764
4 0.546582301458 0.886201381683 0.049433946609 0.102597316106
1 0.527212222417 0.693712552389 0.083919922511 0.030994812648
1 0.629148801168 0.764976183573 0.101661086082 0.169329563777
1 0.685281276703 0.660562594732 0.061391035716 0.027789115906
2 0.823828220367 0.739930709203 0.224531730016 0.168557524681
4 0.524831811587 0.725620587667 0.030494213104 0.101812442144
1 0.556644916534 0.476872762044 0.097270965576 0.042564352353
1 0.760430574417 0.687171300252 0.038400332133 0.050332148870
4 0.522733052572 0.721047957738 0.079704006513 0.247612039248
1 0.678782622019 0.824838399887 0.058184425036 0.040027618408
1 0.585726658503 0.852880636851 0.136888861656 0.122929652532
1 0.518072803815 0.702524900436 0.042119344076 0.028863588969
1 0.535211364428 0.538871486982 0.039529561996 0.020361026128
1 0.512696981430 0.603716055552 0.045269648234 0.016632119815
1 0.065677667658 0.814005613327 0.070636222760 0.059866746267
1 0.299164255460 0.613470911980 0.133380413055 0.059718847275
1 0.295221288999 0.616578618685 0.126955668132 0.053184350332
2 0.496607780457 0.715327898661 0.263577103615 0.198248426119
1 0.464825232824 0.496272961299 0.049317717552 0.030803402265
1 0.511048237483 0.490813056628 0.031864205996 0.017360687256
1 0.592715501785 0.523387591044 0.066080133120 0.044515172640
1 0.578528722127 0.459924936295 0.064449270566 0.023969372114
1 0.675795952479 0.499221165975 0.047656575839 0.020097454389
1 0.697939475377 0.516345183055 0.058224836985 0.025816520055
1 0.575005968412 0.459944566091 0.056456486384 0.022223591805
1 0.650911251704 0.672737916311 0.182752807935 0.042103250821
4 0.709403355916 0.830843528112 0.035728693008 0.098076979319
1 0.513916412989 0.692786931992 0.123532891273 0.076451937358
1 0.625350395838 0.711473862330 0.112523595492 0.040119330088
1 0.890269994736 0.825748602549 0.094460010529 0.102573474248
1 0.370454867681 0.835202932358 0.197477062543 0.153406143188
2 0.799797137578 0.810608625412 0.274051705996 0.253782749176
4 0.446076711019 0.765940825144 0.048864722252 0.120554367701
1 0.438144803047 0.791298866272 0.059425910314 0.037651220957
1 0.504965146383 0.698338031769 0.059350689252 0.041444540024
1 0.431751489639 0.604649066925 0.035995284716 0.017656485240
1 0.475887298584 0.570209066073 0.030878822009 0.015579700470
2 0.505846103032 0.595263083776 0.055134574572 0.034112731616
1 0.280067543189 0.833217700322 0.074509580930 0.055215358734
1 0.361616293589 0.813922246297 0.054476340612 0.039560397466
1 0.446381171544 0.628876845042 0.058187603951 0.016868789991
1 0.469176689784 0.787093877792 0.154018362363 0.065209070841
1 0.506532867750 0.681357383728 0.066250483195 0.079522411029
1 0.659225940704 0.732567469279 0.062018990517 0.039620717367
1 0.526024500529 0.569544871648 0.023070057233 0.015373269717
1 0.449971357981 0.592547734578 0.022017081579 0.015014211337
2 0.434143622716 0.562118768692 0.070610086123 0.061478058497
2 0.380262255669 0.645048856735 0.131430069606 0.161795934041
1 0.471599896749 0.536617517471 0.091291387876 0.037578781446
1 0.469207445780 0.730994542440 0.035056432088 0.023010174433
1 0.600199143092 0.864764054616 0.104342103004 0.087777614594
4 0.598437150319 0.814290364583 0.078935821851 0.134247303009
1 0.379299879074 0.727639913559 0.039816021919 0.019763946533
2 0.801772117615 0.760364055634 0.270112276077 0.221494952838
1 0.366589705149 0.663887302081 0.034075180689 0.037876526515
1 0.782114505768 0.573929468791 0.068983475367 0.027553121249
