Japan_003081.jpg,
Japan_010593.jpg,3 221 357 517 599 
Japan_002635.jpg,4 486 494 533 524 4 328 505 374 535 4 345 480 394 505 
Japan_002275.jpg,4 305 308 414 389 4 404 182 451 211 4 296 243 376 272 4 368 271 431 293 
Japan_007447.jpg,3 4 458 490 598 
Japan_003724.jpg,3 149 439 413 596 
Japan_006525.jpg,1 0 428 179 562 
Japan_010008.jpg,4 193 539 228 598 
Japan_005845.jpg,3 235 419 455 597 
Japan_002245.jpg,3 130 512 500 599 
Japan_002141.jpg,
Japan_007300.jpg,3 66 78 514 427 
Japan_007732.jpg,1 236 478 284 582 
Japan_001826.jpg,3 0 418 230 587 
Japan_009170.jpg,3 0 374 371 599 
Japan_009572.jpg,2 207 395 284 412 
Japan_005702.jpg,3 177 139 436 279 
Japan_001873.jpg,
Japan_012213.jpg,
Japan_009883.jpg,2 37 411 259 450 
Japan_005081.jpg,3 263 366 512 549 
Japan_007443.jpg,
Japan_007771.jpg,3 155 373 525 598 
Japan_003045.jpg,
Japan_002378.jpg,2 352 476 599 532 
Japan_012542.jpg,
Japan_001491.jpg,4 317 233 504 326 
Japan_000847.jpg,
Japan_007554.jpg,2 76 461 297 490 
Japan_007002.jpg,3 26 369 258 589 
Japan_001389.jpg,1 227 435 281 549 
Japan_006914.jpg,1 216 545 248 599 
Japan_002409.jpg,4 244 529 312 579 3 229 464 541 599 3 297 316 412 383 
Japan_010240.jpg,3 0 301 173 574 
Japan_006933.jpg,
Japan_010301.jpg,3 0 469 142 590 
Japan_010721.jpg,
Japan_003453.jpg,
Japan_012693.jpg,
Japan_000293.jpg,3 292 398 561 598 3 130 370 232 424 
Japan_007884.jpg,
Japan_011596.jpg,
Japan_012462.jpg,3 322 398 530 598 
Japan_000462.jpg,
Japan_012099.jpg,4 281 412 346 429 
Japan_002337.jpg,3 348 345 401 392 
Japan_007589.jpg,1 48 417 129 517 
Japan_003459.jpg,
Japan_001478.jpg,3 1 378 599 599 
Japan_003166.jpg,1 302 334 382 599 
Japan_008789.jpg,2 209 570 281 591 
Japan_012384.jpg,4 174 357 207 376 
Japan_000853.jpg,1 385 461 454 559 
Japan_006851.jpg,1 370 436 446 504 3 101 392 264 499 
Japan_008543.jpg,2 224 421 289 439 2 465 408 598 438 2 338 404 454 424 
Japan_007730.jpg,1 420 268 472 339 2 135 345 599 391 2 426 252 592 272 
Japan_010040.jpg,
Japan_009101.jpg,1 416 375 535 563 
Japan_006337.jpg,1 36 336 152 482 
Japan_002173.jpg,4 97 488 212 537 4 146 441 204 481 
Japan_004699.jpg,
Japan_007910.jpg,
Japan_002755.jpg,1 368 470 403 519 1 461 430 526 500 
Japan_011517.jpg,1 473 465 596 529 
Japan_008744.jpg,3 0 416 283 599 
Japan_011357.jpg,4 221 445 272 486 
Japan_012078.jpg,
Japan_004153.jpg,
Japan_012100.jpg,3 17 417 199 598 3 230 405 402 598 
Japan_003261.jpg,3 161 398 598 599 
Japan_005479.jpg,3 0 410 558 596 
Japan_003329.jpg,
Japan_010476.jpg,1 164 305 215 404 
Japan_012528.jpg,4 16 460 60 490 4 50 358 82 375 
Japan_011423.jpg,2 306 544 597 581 2 347 424 504 457 
Japan_012816.jpg,3 0 40 540 295 
Japan_009531.jpg,
Japan_012255.jpg,
Japan_012321.jpg,3 157 119 280 509 
Japan_006462.jpg,1 377 450 431 529 
Japan_007244.jpg,4 470 156 632 316 
Japan_002744.jpg,1 170 372 217 493 
Japan_000640.jpg,4 390 469 437 499 3 305 407 599 599 3 139 474 258 571 
Japan_005142.jpg,3 1 319 505 588 
Japan_004641.jpg,3 411 435 506 485 
Japan_008764.jpg,3 192 462 298 597 
Japan_011037.jpg,
Japan_008859.jpg,3 298 411 358 487 3 86 379 194 533 
Japan_010155.jpg,2 437 422 552 448 
Japan_001727.jpg,
Japan_011188.jpg,
Japan_009816.jpg,3 97 313 252 596 
Japan_010633.jpg,1 456 448 599 598 1 329 293 392 378 
Japan_003977.jpg,3 441 515 598 598 3 331 422 459 512 
Japan_007224.jpg,4 428 440 478 460 3 314 437 440 497 3 162 531 586 599 3 249 352 387 419 
Japan_012733.jpg,
Japan_011604.jpg,
Japan_010186.jpg,3 4 418 592 598 
Japan_005042.jpg,
Japan_010261.jpg,3 261 414 597 599 
Japan_007701.jpg,3 132 390 295 598 
Japan_011366.jpg,3 12 148 234 423 2 510 179 599 203 
Japan_008105.jpg,
Japan_002819.jpg,
Japan_010110.jpg,1 314 411 375 597 2 50 498 169 522 1 108 563 144 599 
Japan_002967.jpg,3 2 411 504 598 
Japan_002033.jpg,4 538 327 791 442 4 191 507 374 649 4 607 627 757 739 4 191 356 398 450 4 798 637 978 764 
Japan_007463.jpg,
Japan_007260.jpg,3 75 380 497 599 
Japan_007560.jpg,1 111 377 226 585 
Japan_002814.jpg,2 31 395 195 420 
Japan_000701.jpg,3 141 458 439 599 
Japan_007747.jpg,2 129 402 426 437 
Japan_009338.jpg,1 337 404 399 485 2 506 324 599 363 
Japan_010934.jpg,
Japan_011691.jpg,
Japan_010246.jpg,3 210 215 570 472 
Japan_008293.jpg,3 68 332 319 598 
Japan_001014.jpg,
Japan_001170.jpg,
Japan_012672.jpg,2 66 520 291 555 2 116 556 297 579 3 276 462 458 598 2 303 465 400 484 
Japan_009895.jpg,
Japan_001639.jpg,1 286 324 385 598 
Japan_006193.jpg,
Japan_003312.jpg,
Japan_009198.jpg,4 338 469 372 500 4 214 545 266 598 3 18 462 348 599 4 293 519 318 544 
Japan_003273.jpg,
Japan_001213.jpg,
Japan_011805.jpg,3 2 340 597 598 
Japan_005433.jpg,
Japan_010700.jpg,4 325 353 384 376 4 414 379 448 396 
Japan_009842.jpg,3 364 382 596 596 
Japan_008591.jpg,4 323 239 382 287 3 0 152 203 532 
Japan_005778.jpg,3 34 390 595 599 4 171 401 236 418 4 228 526 269 546 4 197 380 241 393 
Japan_001403.jpg,3 51 361 242 597 
Japan_000607.jpg,3 1 391 597 599 
Japan_007386.jpg,
Japan_008517.jpg,3 164 417 585 597 
Japan_010988.jpg,3 0 442 152 588 3 354 328 593 511 
Japan_011828.jpg,
Japan_006296.jpg,1 230 371 271 492 
Japan_007291.jpg,3 316 351 554 592 3 1 519 310 592 
Japan_006776.jpg,3 94 67 516 537 
Japan_008329.jpg,
Japan_003719.jpg,2 2 344 227 411 2 220 275 597 320 
Japan_009185.jpg,1 323 423 451 550 
Japan_012059.jpg,
Japan_007185.jpg,3 0 387 598 595 4 185 397 231 431 3 1 327 128 377 
Japan_010916.jpg,4 240 300 278 320 
Japan_001596.jpg,3 0 405 599 599 4 236 410 337 447 
Japan_000568.jpg,1 448 124 578 218 
Japan_002028.jpg,
Japan_005480.jpg,3 167 374 567 599 
Japan_001646.jpg,3 1 371 553 598 
Japan_002318.jpg,
Japan_003418.jpg,
Japan_006852.jpg,3 0 66 280 537 
Japan_001769.jpg,
Japan_012872.jpg,
Japan_013104.jpg,2 221 538 576 575 1 472 452 581 575 
Japan_004453.jpg,3 39 389 472 599 
Japan_004772.jpg,
Japan_010640.jpg,2 59 440 155 464 2 26 484 288 537 3 18 422 409 590 
Japan_002541.jpg,
Japan_008163.jpg,4 516 420 557 438 4 395 408 435 427 
Japan_000747.jpg,
Japan_002080.jpg,1 1 480 84 545 4 472 537 518 592 
Japan_005657.jpg,4 358 158 413 196 4 394 117 422 143 
Japan_009164.jpg,3 1 300 489 513 
Japan_004740.jpg,3 477 366 599 599 3 244 452 453 498 
Japan_005092.jpg,3 0 140 599 289 
Japan_005127.jpg,
Japan_009886.jpg,
Japan_010885.jpg,
Japan_002572.jpg,
Japan_006764.jpg,1 150 228 218 325 
Japan_002595.jpg,3 299 554 597 599 3 106 484 263 560 
Japan_002470.jpg,3 121 358 304 508 
Japan_006750.jpg,3 370 192 596 485 
Japan_007793.jpg,1 408 260 598 359 
Japan_008024.jpg,1 358 477 399 543 1 317 437 336 480 
Japan_003904.jpg,
Japan_002860.jpg,3 248 440 374 599 
Japan_007928.jpg,2 194 453 350 480 
Japan_007108.jpg,3 53 361 595 598 
Japan_003948.jpg,3 106 167 598 506 
Japan_004086.jpg,1 0 513 80 599 
Japan_012238.jpg,3 1 20 529 411 
Japan_006746.jpg,
Japan_004452.jpg,
Japan_012621.jpg,4 205 562 239 586 
Japan_009803.jpg,
Japan_000860.jpg,1 123 540 267 599 1 510 555 544 599 
Japan_005342.jpg,
Japan_005179.jpg,3 319 501 494 599 3 338 407 599 520 
Japan_001671.jpg,
Japan_010500.jpg,
Japan_001709.jpg,1 169 412 297 592 
Japan_001918.jpg,3 372 492 596 598 
Japan_006671.jpg,3 78 258 240 580 2 178 386 329 414 
Japan_001937.jpg,2 45 497 318 543 
Japan_012792.jpg,2 133 240 534 285 
Japan_009403.jpg,
Japan_002662.jpg,
Japan_008538.jpg,3 419 514 528 599 3 2 480 336 599 4 230 568 261 586 
Japan_012372.jpg,
Japan_004542.jpg,3 18 369 531 597 
Japan_001448.jpg,3 128 457 206 527 
Japan_001224.jpg,1 297 468 440 588 2 519 384 598 412 
Japan_006820.jpg,2 554 346 599 362 
Japan_000472.jpg,
Japan_011750.jpg,3 1 437 568 599 
Japan_012201.jpg,
Japan_006143.jpg,
Japan_009622.jpg,3 191 292 320 437 
Japan_006796.jpg,3 81 388 597 599 
Japan_005132.jpg,1 420 446 531 598 
Japan_008602.jpg,1 502 499 562 599 
Japan_007235.jpg,3 309 483 473 577 4 102 509 169 562 
Japan_007339.jpg,3 270 421 505 590 
Japan_005113.jpg,1 483 498 599 562 
Japan_004591.jpg,2 284 435 358 460 
Japan_002869.jpg,
Japan_012716.jpg,3 454 475 598 591 
Japan_012024.jpg,4 0 407 65 451 
Japan_007774.jpg,1 240 527 266 595 1 337 512 453 599 
Japan_002352.jpg,
Japan_002065.jpg,
Japan_012069.jpg,3 112 372 495 598 
Japan_010348.jpg,
Japan_008612.jpg,2 290 419 541 446 
Japan_006805.jpg,1 1 295 208 577 
Japan_006220.jpg,3 335 356 592 599 
Japan_010242.jpg,
Japan_011142.jpg,1 210 383 264 599 
Japan_008227.jpg,4 348 690 486 799 
Japan_003732.jpg,
Japan_008172.jpg,
Japan_002232.jpg,3 51 452 299 598 4 376 455 498 522 4 303 489 425 523 
Japan_010621.jpg,3 141 424 373 598 
Japan_007329.jpg,1 235 457 273 598 
Japan_008091.jpg,
Japan_003955.jpg,3 271 443 373 598 
Japan_002123.jpg,4 233 498 259 530 4 236 534 269 568 
Japan_003103.jpg,
Japan_005023.jpg,
Japan_010860.jpg,
Japan_004906.jpg,
Japan_005400.jpg,
Japan_003980.jpg,
Japan_005938.jpg,4 48 513 124 599 
Japan_000102.jpg,3 0 518 130 598 
Japan_009632.jpg,4 282 541 367 599 4 326 490 368 509 4 275 491 312 514 
Japan_006837.jpg,2 43 488 189 520 
Japan_012705.jpg,
Japan_012670.jpg,3 28 350 569 587 
Japan_003807.jpg,
Japan_007763.jpg,3 27 317 528 575 
Japan_012903.jpg,
Japan_008833.jpg,1 71 440 142 587 
Japan_009235.jpg,
Japan_011906.jpg,
Japan_010629.jpg,3 230 500 351 599 
Japan_003254.jpg,3 182 422 483 484 3 122 438 252 599 
Japan_002136.jpg,3 0 444 102 588 
Japan_007047.jpg,4 366 504 432 544 3 232 354 367 472 
Japan_000879.jpg,3 0 337 193 597 3 310 511 427 599 3 222 315 295 426 
Japan_011569.jpg,3 0 386 543 599 
Japan_012697.jpg,
Japan_005385.jpg,3 188 333 594 598 3 59 307 192 473 
Japan_001092.jpg,3 325 422 542 555 3 114 353 280 465 
Japan_003289.jpg,1 295 405 371 586 
Japan_007620.jpg,
Japan_008136.jpg,
Japan_011571.jpg,2 159 531 314 565 2 0 551 158 593 
Japan_003942.jpg,
Japan_009982.jpg,
Japan_009117.jpg,1 3 155 273 432 2 407 345 537 383 
Japan_001808.jpg,3 65 356 596 588 
Japan_011290.jpg,
Japan_012102.jpg,3 4 151 532 424 
Japan_000869.jpg,
Japan_001167.jpg,3 174 399 594 598 
Japan_008924.jpg,
Japan_009596.jpg,3 378 161 599 488 
Japan_011830.jpg,4 433 558 598 599 4 335 433 391 461 4 280 428 324 449 3 219 452 338 599 
Japan_011662.jpg,
Japan_006539.jpg,
Japan_008053.jpg,
Japan_008474.jpg,3 4 318 594 593 
Japan_003133.jpg,4 133 504 202 584 3 139 383 598 598 
Japan_006129.jpg,1 110 400 183 577 2 132 519 382 574 
Japan_002974.jpg,
Japan_006455.jpg,1 152 534 240 593 
Japan_012114.jpg,3 76 452 572 598 
Japan_001986.jpg,3 106 391 313 597 
Japan_009578.jpg,1 453 403 551 463 
Japan_011502.jpg,3 17 438 409 599 
Japan_012799.jpg,1 300 349 359 464 
Japan_009168.jpg,
Japan_007312.jpg,1 407 332 490 446 
Japan_004707.jpg,1 429 472 582 568 
Japan_001607.jpg,
Japan_009727.jpg,
Japan_005634.jpg,3 189 383 388 599 4 464 452 507 474 
Japan_009584.jpg,2 132 443 244 474 2 500 517 598 552 2 292 523 432 553 
Japan_004990.jpg,4 41 539 97 598 
Japan_002725.jpg,3 113 427 492 590 
Japan_012243.jpg,2 0 465 121 492 3 225 496 444 588 3 137 328 213 411 
Japan_007908.jpg,4 447 211 535 264 
Japan_007715.jpg,4 376 569 428 599 4 294 567 346 597 
Japan_011459.jpg,3 0 356 122 510 
Japan_012881.jpg,
Japan_000249.jpg,4 70 515 134 542 
Japan_010603.jpg,
Japan_007997.jpg,
Japan_005091.jpg,
Japan_001829.jpg,3 81 364 598 598 
Japan_005504.jpg,3 32 385 592 593 
Japan_004303.jpg,
Japan_001571.jpg,3 197 339 557 590 
Japan_001722.jpg,
Japan_012823.jpg,
Japan_001550.jpg,
Japan_005175.jpg,
Japan_004983.jpg,
Japan_011886.jpg,
Japan_007427.jpg,3 0 321 596 597 
Japan_005377.jpg,
Japan_005943.jpg,
Japan_010774.jpg,
Japan_011426.jpg,3 398 412 478 456 
Japan_006957.jpg,
Japan_009808.jpg,3 318 402 599 596 3 15 415 163 529 
Japan_012362.jpg,3 0 396 171 599 
Japan_006799.jpg,
Japan_010817.jpg,1 0 368 96 589 
Japan_011337.jpg,
Japan_008405.jpg,
Japan_012927.jpg,1 71 450 270 595 
Japan_001924.jpg,3 100 122 381 303 
Japan_005470.jpg,3 389 422 599 598 1 161 428 296 597 
Japan_002105.jpg,3 305 453 562 510 
Japan_002376.jpg,1 485 546 529 599 
Japan_001125.jpg,3 383 393 598 598 3 124 373 299 587 
Japan_008503.jpg,1 300 73 341 129 1 350 223 440 347 
Japan_012516.jpg,3 124 410 599 599 
Japan_008225.jpg,
Japan_003069.jpg,4 331 749 520 944 
Japan_004310.jpg,
Japan_003562.jpg,
Japan_004949.jpg,3 61 381 599 598 
Japan_002810.jpg,
Japan_012106.jpg,1 107 505 168 599 
Japan_005715.jpg,3 325 331 438 507 
Japan_009034.jpg,
Japan_012821.jpg,
Japan_000661.jpg,
Japan_010207.jpg,3 331 155 590 399 
Japan_004120.jpg,
Japan_005372.jpg,3 0 362 599 599 4 175 497 251 547 4 337 502 396 560 4 265 437 354 508 
Japan_011223.jpg,
Japan_005019.jpg,
Japan_008085.jpg,
Japan_011780.jpg,3 2 376 245 593 
Japan_005671.jpg,
Japan_001128.jpg,2 184 425 342 448 
Japan_002603.jpg,1 257 428 307 563 
Japan_003499.jpg,
Japan_006826.jpg,3 271 454 458 598 
Japan_011408.jpg,
Japan_003258.jpg,
Japan_008670.jpg,
Japan_002026.jpg,
Japan_002052.jpg,3 256 369 347 406 3 267 468 516 594 3 4 360 181 595 
Japan_006449.jpg,
Japan_006718.jpg,3 11 354 263 583 3 446 344 597 448 
Japan_009018.jpg,
Japan_009867.jpg,
Japan_001152.jpg,2 0 345 252 424 2 399 335 599 383 1 12 93 65 140 1 371 230 410 343 2 163 191 295 227 1 35 158 171 270 2 204 153 308 180 
Japan_012459.jpg,1 319 407 346 465 4 509 401 545 417 
Japan_011485.jpg,
Japan_003875.jpg,
Japan_007952.jpg,
Japan_004518.jpg,3 359 283 524 352 
Japan_003710.jpg,2 437 467 598 502 2 322 401 428 422 
Japan_007907.jpg,
Japan_004151.jpg,
Japan_008981.jpg,3 128 398 593 598 
Japan_004004.jpg,
Japan_009881.jpg,3 252 333 597 598 2 12 435 290 474 2 123 367 256 389 
Japan_000966.jpg,
Japan_000960.jpg,3 313 414 599 599 
Japan_008668.jpg,1 207 18 253 141 
Japan_003612.jpg,1 465 419 598 490 
Japan_010521.jpg,
Japan_011303.jpg,
Japan_000107.jpg,3 351 350 599 599 3 153 463 200 526 
Japan_003450.jpg,
Japan_002405.jpg,4 226 428 351 494 1 398 459 486 598 
Japan_012775.jpg,3 184 424 371 597 
Japan_005063.jpg,3 341 363 586 596 
Japan_010638.jpg,3 405 391 495 598 1 302 413 339 438 
Japan_004091.jpg,4 518 539 587 578 
Japan_001787.jpg,3 133 375 400 495 
Japan_002194.jpg,
Japan_005811.jpg,
Japan_013075.jpg,3 126 336 240 389 
Japan_004295.jpg,3 392 438 551 599 
Japan_012952.jpg,3 2 332 577 599 
Japan_005847.jpg,
Japan_011689.jpg,
Japan_004745.jpg,
Japan_005378.jpg,2 6 528 319 571 
Japan_006621.jpg,
Japan_007708.jpg,1 517 479 597 552 3 238 490 472 598 
Japan_004438.jpg,
Japan_007656.jpg,
Japan_011846.jpg,
Japan_009002.jpg,
Japan_009780.jpg,3 106 517 244 599 
Japan_000549.jpg,3 1 397 598 599 
Japan_001965.jpg,3 71 291 347 549 
Japan_012832.jpg,3 129 74 337 297 2 183 271 597 335 2 331 415 573 509 2 283 177 575 218 
Japan_001415.jpg,3 108 414 348 599 
Japan_005447.jpg,3 332 395 430 598 2 187 522 349 555 
Japan_000819.jpg,3 380 150 539 354 3 0 178 103 309 
Japan_012157.jpg,1 224 450 250 568 
Japan_007710.jpg,4 196 425 241 449 3 156 420 490 527 
Japan_007919.jpg,3 1 157 270 476 1 468 247 589 428 3 383 122 447 205 
Japan_011710.jpg,1 98 368 161 475 
Japan_001342.jpg,
Japan_011437.jpg,4 52 367 288 514 1 548 290 1020 608 4 254 749 515 1013 4 445 249 553 319 4 359 305 438 350 
Japan_005496.jpg,
Japan_008868.jpg,3 368 354 598 596 
Japan_001001.jpg,2 301 392 508 435 3 115 363 307 550 
Japan_003966.jpg,
Japan_012671.jpg,
Japan_005292.jpg,1 85 409 175 598 
Japan_011095.jpg,4 381 440 437 486 4 505 548 552 580 4 237 381 261 397 4 275 465 305 485 4 277 443 299 462 4 516 583 560 599 
Japan_005027.jpg,
Japan_012907.jpg,3 151 364 325 598 3 352 396 594 598 
Japan_007889.jpg,3 385 426 505 524 
Japan_006111.jpg,3 2 389 291 598 
Japan_005053.jpg,4 328 419 377 442 
Japan_004873.jpg,
Japan_010224.jpg,
Japan_003810.jpg,
Japan_002679.jpg,3 314 397 546 598 
Japan_003992.jpg,1 411 463 500 599 
Japan_007007.jpg,4 416 207 641 305 4 149 824 374 1006 
Japan_010206.jpg,
Japan_011441.jpg,
Japan_003636.jpg,1 480 484 539 599 
Japan_007778.jpg,3 456 493 594 583 4 550 567 582 584 
Japan_009495.jpg,3 499 513 599 589 
Japan_009161.jpg,
Japan_013053.jpg,
Japan_002062.jpg,
Japan_000569.jpg,3 137 438 279 535 
Japan_009760.jpg,
Japan_006274.jpg,
Japan_002486.jpg,
Japan_003126.jpg,3 124 192 281 371 3 428 167 599 306 
Japan_004108.jpg,3 131 389 301 501 3 62 495 598 598 
Japan_009165.jpg,2 326 398 477 424 2 288 358 397 379 2 146 384 292 406 1 278 380 408 596 
Japan_001676.jpg,3 3 313 280 584 3 220 222 503 271 3 472 267 596 416 
Japan_007524.jpg,2 21 319 597 387 
Japan_008088.jpg,3 187 308 288 591 3 321 365 587 587 2 59 360 150 386 
Japan_010539.jpg,2 428 425 598 471 1 463 166 595 284 1 73 225 184 439 
Japan_006147.jpg,4 432 380 471 418 4 529 562 574 599 
Japan_008223.jpg,3 0 392 393 599 
Japan_000039.jpg,3 95 380 410 598 4 425 435 480 465 
Japan_001390.jpg,3 84 467 598 599 
Japan_004152.jpg,1 302 475 341 586 1 275 347 310 442 
Japan_005873.jpg,
Japan_011092.jpg,
Japan_004697.jpg,1 90 426 272 535 
Japan_011672.jpg,3 224 417 403 470 
Japan_010858.jpg,3 127 373 307 594 4 126 541 175 581 2 258 524 374 551 
Japan_003765.jpg,
Japan_001025.jpg,4 509 469 555 520 
Japan_006050.jpg,1 469 414 592 542 
Japan_007088.jpg,3 92 383 258 496 1 372 433 434 493 3 308 335 402 416 
Japan_011348.jpg,
Japan_001283.jpg,
Japan_011852.jpg,3 1 414 101 520 
Japan_005725.jpg,1 376 471 480 599 
Japan_002287.jpg,
Japan_005229.jpg,3 281 503 336 598 
Japan_002456.jpg,3 292 373 519 508 
Japan_012713.jpg,3 352 436 522 485 
Japan_000909.jpg,1 153 128 265 519 2 475 368 599 397 3 341 163 461 258 
Japan_001512.jpg,3 339 468 597 580 
Japan_001902.jpg,2 339 491 599 547 2 24 488 230 523 
Japan_000769.jpg,
Japan_005485.jpg,
Japan_010726.jpg,3 0 399 105 497 
Japan_010617.jpg,2 403 465 520 491 
Japan_001051.jpg,3 103 424 210 467 
Japan_007321.jpg,3 347 507 471 557 2 0 570 156 598 1 355 373 415 425 
Japan_011781.jpg,3 0 362 303 580 4 0 435 40 470 
Japan_001275.jpg,1 414 450 513 531 
Japan_009715.jpg,3 479 489 599 599 
Japan_004471.jpg,3 49 416 345 599 
Japan_002488.jpg,
Japan_002043.jpg,3 326 429 459 530 1 340 363 473 442 
Japan_011633.jpg,1 449 414 532 486 1 0 325 161 568 
Japan_002127.jpg,
Japan_004461.jpg,
Japan_002596.jpg,3 175 375 311 595 
Japan_000052.jpg,1 175 501 208 562 
Japan_002801.jpg,3 98 436 213 525 
Japan_005949.jpg,3 296 389 497 598 2 396 377 547 401 2 212 446 276 462 
Japan_002706.jpg,3 0 454 242 599 
Japan_012085.jpg,
Japan_008620.jpg,3 128 422 268 594 
Japan_008694.jpg,
Japan_005555.jpg,3 2 424 395 598 
Japan_010493.jpg,
Japan_008118.jpg,
Japan_005511.jpg,1 191 151 292 214 3 383 183 596 373 1 148 245 171 310 
Japan_008273.jpg,
Japan_011176.jpg,1 219 262 258 322 2 402 409 563 441 
Japan_003959.jpg,4 187 416 281 451 3 138 460 260 598 
Japan_011243.jpg,
Japan_003751.jpg,1 327 464 362 531 
Japan_000173.jpg,3 271 370 490 597 
Japan_005867.jpg,
Japan_011795.jpg,
Japan_008358.jpg,3 3 354 462 599 3 320 505 599 599 
Japan_005319.jpg,
Japan_009234.jpg,1 310 361 382 480 3 58 465 332 578 1 227 366 254 437 
Japan_006209.jpg,3 0 439 215 599 4 53 560 107 599 3 274 462 415 572 
Japan_011893.jpg,
Japan_009579.jpg,
Japan_012285.jpg,
Japan_004206.jpg,3 322 502 534 599 
Japan_005691.jpg,
Japan_008058.jpg,
Japan_007205.jpg,
Japan_010254.jpg,4 289 538 335 582 
Japan_009944.jpg,
Japan_011083.jpg,
Japan_008717.jpg,
Japan_007326.jpg,
Japan_007870.jpg,
Japan_005281.jpg,3 82 507 337 598 
Japan_004645.jpg,3 291 427 597 599 
Japan_008762.jpg,
Japan_012913.jpg,3 66 480 197 595 
Japan_010414.jpg,
Japan_005321.jpg,2 65 421 165 443 
Japan_006225.jpg,3 0 392 598 599 
Japan_001414.jpg,
Japan_001401.jpg,4 472 502 521 585 2 284 517 474 576 
Japan_012647.jpg,
Japan_001788.jpg,
Japan_006660.jpg,3 0 202 539 506 3 262 43 536 168 
Japan_013001.jpg,
Japan_006389.jpg,3 215 316 318 365 
Japan_000689.jpg,1 237 436 261 475 
Japan_004319.jpg,3 83 340 593 579 
Japan_010673.jpg,
Japan_003393.jpg,3 195 202 453 405 
Japan_009967.jpg,3 29 365 598 599 
Japan_000352.jpg,1 286 452 318 501 
Japan_003206.jpg,
Japan_002132.jpg,3 43 384 329 496 2 400 517 598 584 
Japan_000223.jpg,1 8 469 213 596 
Japan_009194.jpg,1 184 310 220 450 2 410 418 478 435 
Japan_009756.jpg,3 0 393 599 598 
Japan_000758.jpg,1 328 439 377 483 
Japan_000943.jpg,
Japan_010671.jpg,1 141 483 202 595 
Japan_005177.jpg,
Japan_011703.jpg,1 159 71 223 186 3 359 119 595 323 
Japan_011543.jpg,4 106 352 253 409 
Japan_005830.jpg,
Japan_006745.jpg,3 484 431 599 525 
Japan_007008.jpg,2 177 421 241 438 
Japan_001805.jpg,
Japan_011520.jpg,4 257 395 303 415 3 176 467 433 547 
Japan_003349.jpg,1 328 511 377 589 
Japan_001602.jpg,3 88 351 202 504 
Japan_003691.jpg,3 427 401 599 579 
Japan_007202.jpg,3 0 369 469 599 
Japan_007671.jpg,3 339 376 572 593 
Japan_009820.jpg,1 369 393 428 472 
Japan_003246.jpg,3 463 469 598 591 
Japan_000459.jpg,1 227 468 265 588 
Japan_010757.jpg,1 88 467 240 597 
Japan_007177.jpg,3 5 54 598 422 
Japan_003300.jpg,3 469 413 599 591 
Japan_001055.jpg,
Japan_003239.jpg,1 18 420 118 570 1 95 265 200 393 
Japan_012324.jpg,3 30 428 217 582 3 358 527 524 587 
Japan_002457.jpg,
Japan_007619.jpg,4 489 531 542 566 
Japan_012809.jpg,3 159 377 599 598 
Japan_000373.jpg,4 295 476 346 509 3 67 393 398 599 
Japan_007677.jpg,1 390 366 499 477 
Japan_000938.jpg,
Japan_000157.jpg,3 0 377 169 599 
Japan_001102.jpg,
Japan_006834.jpg,3 93 419 277 595 2 376 545 557 589 
Japan_003628.jpg,
Japan_002673.jpg,4 446 419 482 444 3 193 330 394 382 3 30 405 351 598 
Japan_000708.jpg,4 333 501 420 563 4 356 449 400 479 3 120 384 521 599 4 385 582 463 599 
Japan_005283.jpg,3 216 370 596 598 
Japan_005580.jpg,4 327 511 423 569 3 0 390 283 599 
Japan_007946.jpg,3 33 501 141 590 3 316 440 597 582 
Japan_000770.jpg,3 289 376 477 480 
Japan_004944.jpg,
Japan_000833.jpg,
Japan_005692.jpg,3 0 403 445 599 4 0 490 81 563 
Japan_007885.jpg,3 22 375 596 598 
Japan_010824.jpg,3 6 385 241 598 
Japan_001480.jpg,
Japan_001923.jpg,
Japan_008519.jpg,1 310 349 338 423 1 187 331 280 472 
Japan_000961.jpg,2 29 465 275 503 2 494 442 599 469 2 400 444 467 470 
Japan_006403.jpg,1 114 194 194 270 4 76 269 131 313 4 67 331 110 381 1 152 46 212 188 
Japan_003498.jpg,2 167 480 450 515 2 292 436 424 490 
Japan_001227.jpg,3 19 394 265 596 
Japan_003158.jpg,1 215 292 243 351 
Japan_003957.jpg,3 321 432 592 599 
Japan_007104.jpg,3 89 494 219 598 
Japan_009923.jpg,2 420 375 470 392 
Japan_001759.jpg,
Japan_011558.jpg,4 520 474 575 518 
Japan_000417.jpg,3 199 209 437 409 
Japan_011500.jpg,4 160 505 217 534 3 75 506 216 599 
Japan_011457.jpg,
Japan_006268.jpg,3 0 134 382 1071 3 453 70 1076 620 
Japan_001555.jpg,3 66 369 293 598 3 324 377 527 592 
Japan_005497.jpg,4 314 462 356 487 4 1 347 63 375 3 0 313 177 466 3 247 337 599 496 
Japan_003170.jpg,3 423 402 599 599 
Japan_004261.jpg,3 186 459 598 599 
Japan_000900.jpg,
Japan_009244.jpg,
Japan_002200.jpg,3 82 427 291 598 
Japan_000116.jpg,3 2 396 587 599 
Japan_005442.jpg,3 472 425 599 553 
Japan_000334.jpg,3 314 471 397 599 
Japan_001774.jpg,
Japan_010326.jpg,
Japan_004636.jpg,
Japan_002366.jpg,3 5 416 591 598 
Japan_008258.jpg,1 150 521 225 573 
Japan_003695.jpg,1 413 350 559 481 
Japan_009006.jpg,3 6 400 597 599 
Japan_012074.jpg,1 287 362 333 443 
Japan_010689.jpg,
Japan_012781.jpg,
Japan_004395.jpg,
Japan_007304.jpg,
Japan_002645.jpg,3 0 446 161 597 
Japan_012433.jpg,3 293 478 599 599 3 155 383 334 462 
Japan_000986.jpg,
Japan_000940.jpg,
Japan_003096.jpg,1 312 248 367 463 1 391 203 420 248 
Japan_011085.jpg,
Japan_001218.jpg,4 416 558 520 599 
Japan_008385.jpg,
Japan_007813.jpg,
Japan_008757.jpg,1 83 361 198 500 
Japan_006913.jpg,1 124 467 194 597 3 214 461 277 598 
Japan_006702.jpg,1 278 381 319 431 
Japan_010393.jpg,
Japan_003101.jpg,3 0 326 197 584 
Japan_011318.jpg,
Japan_010131.jpg,4 554 556 599 594 3 229 451 311 549 
Japan_004239.jpg,3 230 349 308 448 1 206 413 227 470 
Japan_004654.jpg,1 247 399 314 552 1 184 323 226 400 
Japan_004557.jpg,
Japan_012677.jpg,4 441 465 462 489 4 151 495 177 521 4 177 445 217 481 
Japan_013056.jpg,3 0 429 230 590 1 523 509 579 583 
Japan_001650.jpg,
Japan_006615.jpg,2 105 441 596 483 
Japan_010551.jpg,
Japan_001619.jpg,
Japan_002180.jpg,1 367 399 473 507 
Japan_001297.jpg,4 0 167 113 226 
Japan_002880.jpg,4 436 225 468 254 
Japan_003317.jpg,2 462 483 591 512 
Japan_011551.jpg,3 286 152 598 503 4 477 277 534 316 
Japan_000660.jpg,
Japan_005265.jpg,
Japan_001870.jpg,4 69 505 99 539 
Japan_006297.jpg,1 137 114 216 236 1 29 257 126 423 
Japan_010908.jpg,
Japan_009910.jpg,
Japan_006907.jpg,
Japan_006245.jpg,3 130 143 232 238 
Japan_011488.jpg,4 181 390 224 428 4 141 324 200 349 4 171 355 196 369 
Japan_002681.jpg,3 174 298 408 387 
Japan_001622.jpg,3 85 353 302 580 
Japan_002778.jpg,
Japan_010854.jpg,1 463 414 599 565 
Japan_005474.jpg,3 179 461 571 599 
Japan_002226.jpg,1 126 231 162 260 
Japan_003527.jpg,2 168 210 517 253 
Japan_006002.jpg,3 251 374 486 599 
Japan_004961.jpg,3 1 386 432 599 4 0 525 85 599 4 111 439 194 480 4 102 568 189 599 
Japan_001261.jpg,
Japan_003097.jpg,
Japan_005457.jpg,3 215 356 596 599 
Japan_008119.jpg,4 536 601 581 623 
Japan_005916.jpg,
Japan_010354.jpg,3 112 300 598 575 
Japan_008392.jpg,
Japan_001387.jpg,3 224 412 298 452 
Japan_008374.jpg,2 108 261 546 334 
Japan_004738.jpg,
Japan_005905.jpg,
Japan_006094.jpg,
Japan_006633.jpg,
Japan_003618.jpg,
Japan_003216.jpg,
Japan_000236.jpg,4 380 464 473 506 1 45 496 151 598 
Japan_012665.jpg,
Japan_010134.jpg,3 57 419 460 599 
Japan_007542.jpg,1 450 367 535 475 1 514 284 578 420 
Japan_001203.jpg,
Japan_011898.jpg,1 403 500 451 567 
Japan_000327.jpg,1 377 449 449 591 2 0 466 103 492 1 299 389 380 596 
Japan_008937.jpg,4 253 91 634 262 
Japan_012265.jpg,
Japan_011192.jpg,
Japan_003353.jpg,3 203 395 596 599 
Japan_008582.jpg,
Japan_003889.jpg,1 276 491 320 533 
Japan_005391.jpg,
Japan_001997.jpg,3 10 410 450 599 4 328 542 368 573 
Japan_003679.jpg,1 458 349 599 447 
Japan_001006.jpg,
Japan_005979.jpg,3 285 384 376 475 3 100 556 374 599 3 447 410 594 498 
Japan_011006.jpg,3 395 443 599 556 4 22 520 81 567 
Japan_004441.jpg,3 63 398 324 597 
Japan_006102.jpg,3 196 385 599 598 
Japan_009366.jpg,3 244 372 482 573 
Japan_001064.jpg,1 457 434 599 547 
Japan_012694.jpg,1 299 425 388 523 2 107 429 303 457 
Japan_006004.jpg,3 1 368 597 598 
Japan_005942.jpg,3 244 156 598 315 2 355 459 483 502 
Japan_010917.jpg,
Japan_006955.jpg,1 206 202 271 342 1 70 345 169 512 
Japan_003150.jpg,1 237 378 271 460 
Japan_009829.jpg,
Japan_002904.jpg,1 489 522 527 598 3 410 306 597 481 3 317 285 413 450 
Japan_000782.jpg,
Japan_010378.jpg,4 363 459 453 530 3 117 382 595 599 
Japan_009946.jpg,2 428 506 594 533 
Japan_009865.jpg,4 40 580 108 599 
Japan_009514.jpg,4 256 369 321 403 4 190 456 263 508 3 105 441 329 565 
Japan_009716.jpg,
Japan_001286.jpg,
Japan_013052.jpg,1 522 406 598 476 1 263 416 323 582 
Japan_004825.jpg,3 320 370 599 598 3 0 367 188 599 3 214 350 363 598 
Japan_001132.jpg,3 112 401 293 599 
Japan_009362.jpg,3 317 358 417 465 1 357 474 382 520 
Japan_013055.jpg,3 307 487 443 598 
Japan_003308.jpg,
Japan_011334.jpg,1 433 508 497 599 
Japan_010424.jpg,
Japan_002575.jpg,3 2 39 538 537 
Japan_000536.jpg,1 323 532 352 592 
Japan_006180.jpg,
Japan_010338.jpg,3 103 388 271 595 2 257 471 368 495 2 427 468 528 490 
Japan_011594.jpg,
Japan_011421.jpg,3 346 416 593 598 3 2 384 211 597 
Japan_007116.jpg,1 461 427 526 496 1 358 472 406 596 
Japan_003578.jpg,2 288 434 423 461 2 304 520 475 548 
Japan_007545.jpg,
Japan_011004.jpg,1 479 428 599 591 3 30 369 296 596 1 314 346 344 403 2 433 373 519 391 2 338 391 563 423 
Japan_005460.jpg,
Japan_008290.jpg,1 284 355 322 432 1 437 444 582 592 
Japan_009554.jpg,1 276 527 309 581 
Japan_001511.jpg,
Japan_012343.jpg,2 165 348 383 378 
Japan_001702.jpg,3 115 283 317 598 
Japan_003804.jpg,3 162 368 545 599 
Japan_000139.jpg,
Japan_009691.jpg,3 107 351 337 598 
Japan_001891.jpg,1 908 121 1002 156 
Japan_006828.jpg,3 302 494 451 598 
Japan_003437.jpg,4 412 440 521 497 
Japan_006270.jpg,3 201 399 582 580 
Japan_001869.jpg,1 380 410 470 558 
Japan_012107.jpg,1 202 554 239 598 1 297 424 322 461 
Japan_011624.jpg,3 185 377 505 599 
Japan_005523.jpg,1 304 117 342 176 1 8 322 51 404 1 525 241 599 335 1 239 144 260 183 1 105 270 162 424 
Japan_009634.jpg,2 189 379 363 405 
Japan_000305.jpg,
Japan_006250.jpg,
Japan_001290.jpg,
Japan_000314.jpg,1 70 382 140 450 
Japan_010912.jpg,3 94 278 420 409 
Japan_006463.jpg,4 345 323 512 418 4 311 195 427 255 
Japan_000232.jpg,
Japan_000937.jpg,2 1 368 189 398 
Japan_009399.jpg,1 297 445 379 598 2 0 470 271 508 
Japan_012208.jpg,3 323 328 543 433 1 349 419 438 578 
Japan_006009.jpg,3 250 403 341 574 
Japan_001998.jpg,3 13 166 372 426 
Japan_012227.jpg,3 315 331 477 474 3 67 357 252 504 
Japan_012548.jpg,4 397 566 456 599 4 0 469 55 510 3 303 372 594 599 3 42 435 225 599 
Japan_003739.jpg,3 197 473 313 517 
Japan_008886.jpg,
Japan_005703.jpg,3 1 358 598 599 4 457 389 495 407 
Japan_007402.jpg,3 7 92 510 409 
Japan_008490.jpg,
Japan_011451.jpg,3 272 437 376 504 
Japan_002809.jpg,
Japan_012711.jpg,3 0 333 446 593 
Japan_013011.jpg,
Japan_005950.jpg,
Japan_007511.jpg,
Japan_009317.jpg,2 418 509 597 556 
Japan_003512.jpg,
Japan_012766.jpg,3 0 355 459 598 
Japan_001883.jpg,
Japan_012257.jpg,3 154 373 267 417 
Japan_003175.jpg,3 25 426 146 543 
Japan_007380.jpg,2 378 475 593 530 
Japan_012038.jpg,4 67 530 162 596 
Japan_004374.jpg,1 236 459 284 598 
Japan_010652.jpg,1 258 431 312 597 
Japan_005822.jpg,
Japan_005641.jpg,3 274 438 515 599 
Japan_003852.jpg,3 209 345 280 543 
Japan_000589.jpg,2 257 394 374 432 
Japan_003774.jpg,
Japan_007181.jpg,
Japan_009487.jpg,
Japan_004684.jpg,
Japan_000595.jpg,4 356 331 402 353 
Japan_011167.jpg,2 304 481 420 500 2 80 566 190 586 
Japan_008700.jpg,
Japan_012323.jpg,
Japan_005688.jpg,3 110 400 507 598 
Japan_004902.jpg,3 0 363 185 595 2 285 550 462 592 2 280 465 439 498 4 0 519 51 576 
Japan_005059.jpg,
Japan_010465.jpg,1 63 129 194 410 
Japan_006627.jpg,3 195 388 530 586 2 3 465 199 509 
Japan_007969.jpg,
Japan_000516.jpg,4 172 353 244 395 3 283 366 599 599 3 0 527 237 599 
Japan_002012.jpg,
Japan_011993.jpg,3 413 404 599 515 
Japan_008598.jpg,3 70 501 224 599 
Japan_007522.jpg,
Japan_001209.jpg,
Japan_001674.jpg,
Japan_004666.jpg,3 249 374 599 599 4 336 461 369 485 4 276 451 329 477 
Japan_007572.jpg,
Japan_009687.jpg,
Japan_007977.jpg,3 5 393 598 599 
Japan_012667.jpg,2 319 408 597 451 1 200 305 344 565 
Japan_002482.jpg,
Japan_010822.jpg,3 70 451 590 599 4 143 455 197 483 
Japan_002178.jpg,
Japan_011921.jpg,4 17 476 124 524 4 448 508 498 536 3 70 370 434 599 
Japan_010697.jpg,3 26 414 222 587 
Japan_009550.jpg,3 302 363 583 595 4 308 449 334 466 2 156 426 294 455 
Japan_008299.jpg,3 244 461 513 528 
Japan_010950.jpg,4 408 187 635 301 
Japan_013095.jpg,
Japan_012110.jpg,
Japan_000299.jpg,
Japan_004269.jpg,
Japan_011259.jpg,3 162 381 505 597 
Japan_004506.jpg,4 349 366 462 432 
Japan_011753.jpg,3 0 437 390 599 4 515 509 599 569 
Japan_009553.jpg,
Japan_004488.jpg,1 255 395 316 598 
Japan_012873.jpg,1 297 296 393 464 1 149 458 237 575 
Japan_001336.jpg,
Japan_006056.jpg,1 257 424 365 597 
Japan_001018.jpg,
Japan_003835.jpg,3 177 17 519 535 
Japan_007389.jpg,1 196 443 264 546 
Japan_003862.jpg,3 0 469 356 592 2 355 501 566 535 3 353 357 422 379 
Japan_005016.jpg,2 9 314 491 466 
Japan_010412.jpg,1 221 487 252 524 
Japan_002340.jpg,3 92 439 598 599 
Japan_001939.jpg,4 472 135 682 221 3 1 1 831 359 4 807 48 875 106 
Japan_009451.jpg,2 105 410 272 448 3 295 317 564 591 
Japan_009721.jpg,2 441 415 599 447 2 248 355 376 375 
Japan_004455.jpg,
Japan_006757.jpg,3 276 459 594 598 
Japan_007815.jpg,3 404 401 599 598 3 215 528 388 599 
Japan_009571.jpg,4 295 407 348 431 3 324 527 507 599 
Japan_006747.jpg,
Japan_007323.jpg,
Japan_008455.jpg,
Japan_010778.jpg,
Japan_000624.jpg,3 151 35 595 404 
Japan_011911.jpg,
Japan_009134.jpg,3 56 422 329 598 
Japan_008090.jpg,3 174 380 599 464 3 68 502 326 599 
Japan_006872.jpg,3 208 467 282 558 
Japan_010819.jpg,2 112 365 257 387 2 215 444 270 458 
Japan_010793.jpg,3 307 450 410 571 
Japan_012502.jpg,
Japan_008654.jpg,
Japan_007438.jpg,2 110 433 500 476 
Japan_001220.jpg,3 33 38 597 387 
Japan_005103.jpg,1 383 548 407 598 
Japan_004594.jpg,3 280 496 596 597 3 0 408 137 599 
Japan_005083.jpg,
Japan_006158.jpg,
Japan_001393.jpg,1 187 309 285 412 1 388 398 484 463 
Japan_012559.jpg,3 439 372 599 597 
Japan_001067.jpg,3 153 492 279 558 
Japan_007406.jpg,
Japan_011177.jpg,
Japan_008028.jpg,1 134 509 186 599 
Japan_013084.jpg,
Japan_012519.jpg,4 173 527 303 596 3 1 345 389 594 
Japan_009227.jpg,
Japan_000021.jpg,1 264 415 387 598 
Japan_004807.jpg,
Japan_004558.jpg,
Japan_010698.jpg,
Japan_008711.jpg,3 9 146 369 530 2 396 290 539 319 
Japan_006788.jpg,
Japan_012434.jpg,3 259 400 492 598 
Japan_008666.jpg,2 18 406 191 437 2 0 380 76 404 
Japan_007251.jpg,3 439 322 599 503 
Japan_005598.jpg,1 281 402 333 564 
Japan_006856.jpg,
Japan_002359.jpg,3 169 340 346 418 
Japan_011101.jpg,
Japan_008531.jpg,3 216 380 599 599 4 439 476 584 573 
Japan_006726.jpg,4 295 486 348 535 
Japan_004592.jpg,
Japan_001335.jpg,1 128 487 191 557 
Japan_011614.jpg,3 186 295 335 518 
Japan_011928.jpg,
Japan_001229.jpg,
Japan_004761.jpg,
Japan_003776.jpg,
Japan_001232.jpg,3 80 380 373 598 
Japan_002255.jpg,4 489 501 532 533 3 241 369 441 598 
Japan_008931.jpg,4 298 395 355 432 
Japan_002067.jpg,
Japan_000094.jpg,
Japan_012616.jpg,
Japan_009084.jpg,1 321 296 415 597 2 480 284 598 325 
Japan_009200.jpg,4 255 119 515 281 4 548 158 694 238 
Japan_006205.jpg,2 104 406 313 447 
Japan_001789.jpg,
Japan_008857.jpg,
Japan_006791.jpg,3 126 296 368 435 3 427 312 599 441 
Japan_001993.jpg,
Japan_002296.jpg,3 170 379 599 599 
Japan_003420.jpg,3 3 378 535 599 
Japan_004169.jpg,1 325 547 358 599 
Japan_000768.jpg,
Japan_010783.jpg,
Japan_012688.jpg,
Japan_011093.jpg,4 46 542 96 599 3 473 506 598 598 3 1 476 207 599 
Japan_002463.jpg,1 319 450 418 599 
Japan_001913.jpg,
Japan_013128.jpg,2 250 359 497 390 
Japan_002853.jpg,4 208 444 264 465 
Japan_000622.jpg,3 90 360 560 597 
Japan_008957.jpg,1 425 452 535 594 2 151 426 294 457 1 311 235 374 315 
Japan_005506.jpg,2 388 460 598 493 4 44 442 89 472 2 150 447 315 475 3 300 392 423 510 
Japan_001091.jpg,1 273 380 332 570 1 261 335 303 393 2 320 453 572 495 
Japan_003355.jpg,
Japan_001424.jpg,3 409 396 595 595 
Japan_010337.jpg,3 253 435 459 573 
Japan_010755.jpg,1 230 421 296 596 3 434 446 593 598 
Japan_004223.jpg,1 20 365 87 444 1 241 357 322 585 1 416 315 476 351 
Japan_011413.jpg,1 92 200 345 314 
Japan_009455.jpg,
Japan_008487.jpg,
Japan_002895.jpg,
Japan_010609.jpg,3 99 407 442 598 
Japan_000306.jpg,2 194 497 312 518 3 322 444 519 599 
Japan_000060.jpg,3 539 414 1022 564 4 350 147 896 436 
Japan_002364.jpg,3 121 376 264 480 4 263 440 301 469 3 143 552 272 597 
Japan_002764.jpg,3 546 171 1021 332 4 249 260 517 395 
Japan_010475.jpg,
Japan_004837.jpg,1 202 387 243 484 1 376 343 405 397 
Japan_007060.jpg,
Japan_008899.jpg,
Japan_010582.jpg,3 183 357 316 577 
Japan_003297.jpg,
Japan_005508.jpg,2 298 437 444 469 2 338 373 468 394 
Japan_010259.jpg,
Japan_010202.jpg,4 276 444 309 504 4 518 531 567 569 
Japan_005716.jpg,3 155 403 322 598 3 4 377 160 491 
Japan_010203.jpg,1 217 368 255 482 
Japan_000191.jpg,4 524 485 560 510 
Japan_012090.jpg,3 45 308 326 583 
Japan_001256.jpg,1 86 63 302 421 2 188 286 311 314 
Japan_007605.jpg,3 38 393 330 596 
Japan_006937.jpg,
Japan_011824.jpg,
Japan_010637.jpg,1 276 401 332 481 1 505 478 598 534 
Japan_012306.jpg,1 271 443 325 598 
Japan_007818.jpg,1 144 351 209 534 
Japan_006939.jpg,
Japan_006211.jpg,1 252 365 310 572 2 305 410 434 463 
Japan_006379.jpg,4 443 445 500 475 3 479 363 599 425 
Japan_007169.jpg,2 172 361 597 413 3 71 488 240 599 
Japan_004766.jpg,
Japan_006741.jpg,1 347 470 423 599 
Japan_004510.jpg,
Japan_006696.jpg,3 83 358 598 599 4 342 514 390 560 
Japan_004306.jpg,2 447 506 586 544 
Japan_006409.jpg,1 328 371 376 443 
Japan_012437.jpg,
Japan_003413.jpg,
Japan_010195.jpg,1 403 555 446 599 
Japan_006244.jpg,
Japan_009368.jpg,1 338 379 466 481 1 174 478 227 573 
Japan_012723.jpg,1 248 518 264 551 1 236 573 257 599 
Japan_009880.jpg,
Japan_000678.jpg,1 421 423 458 460 
Japan_000148.jpg,4 55 435 134 490 
Japan_000647.jpg,1 22 446 77 517 1 501 403 599 483 1 162 472 208 515 
Japan_008201.jpg,1 228 183 269 242 2 282 360 507 431 
Japan_010876.jpg,2 433 181 599 209 2 440 138 568 159 
Japan_010984.jpg,
Japan_004511.jpg,3 177 415 348 598 4 241 548 295 570 
Japan_002375.jpg,
Japan_008616.jpg,
Japan_001778.jpg,1 79 305 222 583 
Japan_008742.jpg,
Japan_002507.jpg,
Japan_006668.jpg,
Japan_000174.jpg,
Japan_002018.jpg,3 344 412 448 553 3 30 368 183 459 
Japan_005918.jpg,1 4 440 145 591 
Japan_002215.jpg,
Japan_007405.jpg,3 5 336 464 577 
Japan_011205.jpg,1 298 318 427 435 
Japan_000149.jpg,1 82 511 181 599 
Japan_004951.jpg,
Japan_009871.jpg,1 145 423 187 582 
Japan_003341.jpg,2 185 336 287 356 
Japan_007192.jpg,3 176 467 321 599 
Japan_009610.jpg,1 298 331 356 485 
Japan_001510.jpg,1 290 467 383 591 
Japan_011370.jpg,1 405 354 434 391 
Japan_011365.jpg,2 0 466 69 484 
Japan_011853.jpg,4 248 371 288 399 4 357 445 390 466 3 270 446 387 599 
Japan_000962.jpg,2 43 273 570 353 
Japan_001689.jpg,4 384 472 424 499 3 338 411 517 590 
Japan_004969.jpg,3 136 54 538 299 
Japan_010271.jpg,
Japan_006044.jpg,
Japan_006408.jpg,3 101 313 595 580 
Japan_007480.jpg,
Japan_000543.jpg,3 0 437 125 598 
Japan_008400.jpg,2 220 526 349 554 
Japan_005060.jpg,3 54 293 291 590 
Japan_006458.jpg,4 225 565 302 599 3 0 428 211 599 
Japan_000141.jpg,2 422 390 599 417 
Japan_000967.jpg,
Japan_010626.jpg,1 302 381 337 440 3 302 353 487 571 
Japan_005025.jpg,3 0 403 253 598 
Japan_002893.jpg,2 316 384 557 419 
Japan_004775.jpg,3 243 303 393 470 
Japan_002386.jpg,1 453 302 496 385 
Japan_000222.jpg,3 2 181 207 508 2 343 248 421 269 
Japan_000529.jpg,3 4 272 598 522 
Japan_008141.jpg,3 0 385 525 598 4 188 408 224 422 
Japan_005087.jpg,
Japan_008082.jpg,3 328 325 598 598 
Japan_005632.jpg,1 373 299 548 543 2 213 501 331 533 
Japan_008678.jpg,1 258 458 297 571 
Japan_002391.jpg,3 171 436 386 599 
Japan_008533.jpg,
Japan_003685.jpg,4 498 368 591 440 4 0 755 129 904 4 4 555 121 752 
Japan_006496.jpg,4 228 412 301 449 
Japan_010453.jpg,
Japan_011990.jpg,4 438 471 516 525 
Japan_006301.jpg,
Japan_012972.jpg,3 117 486 240 599 
Japan_005758.jpg,3 145 328 404 598 
Japan_010406.jpg,4 269 394 303 418 4 159 349 197 366 
Japan_007785.jpg,3 6 379 191 590 
Japan_007221.jpg,2 273 352 458 394 2 37 380 191 411 
Japan_002754.jpg,3 88 375 547 599 
Japan_002667.jpg,1 310 256 481 383 
Japan_004159.jpg,
Japan_008943.jpg,
Japan_005108.jpg,3 167 379 436 539 
Japan_007869.jpg,3 204 385 599 599 4 262 549 339 589 
Japan_010910.jpg,
Japan_002515.jpg,1 351 332 550 579 
Japan_000510.jpg,1 230 331 280 528 
Japan_012450.jpg,
Japan_006707.jpg,1 430 311 499 358 1 243 373 323 580 2 78 352 413 396 
Japan_005853.jpg,1 143 503 240 583 3 381 468 578 581 
Japan_010359.jpg,
Japan_003838.jpg,4 357 385 392 408 
Japan_004528.jpg,2 480 352 599 380 
Japan_001094.jpg,3 12 390 238 599 
Japan_008646.jpg,3 289 384 521 562 
Japan_002748.jpg,2 442 556 556 578 
Japan_003409.jpg,1 442 395 599 584 
Japan_007940.jpg,3 334 216 596 564 
Japan_005768.jpg,1 390 487 454 542 
Japan_012825.jpg,2 311 463 429 485 
Japan_009657.jpg,
Japan_000287.jpg,
Japan_002923.jpg,
Japan_007664.jpg,1 320 461 345 523 
Japan_011621.jpg,
Japan_004126.jpg,3 77 382 595 598 
Japan_007764.jpg,3 14 398 477 599 
Japan_008806.jpg,3 2 332 416 593 
Japan_005781.jpg,1 323 378 454 580 
Japan_005399.jpg,2 0 462 72 488 
Japan_005512.jpg,3 412 356 599 526 
Japan_001206.jpg,3 25 349 263 595 
Japan_010728.jpg,4 299 484 365 571 
Japan_004061.jpg,2 425 564 599 597 
Japan_008567.jpg,3 226 351 432 531 2 158 410 246 428 
Japan_009060.jpg,3 404 279 490 331 
Japan_008212.jpg,4 158 508 228 560 3 1 354 456 599 
Japan_002450.jpg,
Japan_006200.jpg,
Japan_005652.jpg,
Japan_006822.jpg,
Japan_005030.jpg,
Japan_005194.jpg,
Japan_012587.jpg,3 12 367 588 594 
Japan_011526.jpg,3 211 366 313 456 
Japan_001155.jpg,
Japan_008132.jpg,3 80 506 181 596 
Japan_011116.jpg,3 120 429 266 598 
Japan_006926.jpg,2 31 386 596 455 3 521 298 597 396 
Japan_004519.jpg,1 448 177 586 462 
Japan_006060.jpg,3 247 401 415 599 
Japan_001263.jpg,1 533 550 588 599 
Japan_011684.jpg,1 149 385 247 535 1 282 422 362 457 
Japan_002217.jpg,3 1 460 386 597 
Japan_008788.jpg,3 289 309 597 586 
Japan_009987.jpg,
Japan_000349.jpg,
Japan_007713.jpg,4 28 455 107 501 4 80 379 143 416 
Japan_001933.jpg,
Japan_004855.jpg,1 217 419 263 598 
Japan_001535.jpg,1 350 413 376 498 
Japan_009056.jpg,
Japan_011532.jpg,1 390 111 539 232 1 23 262 206 473 
Japan_007441.jpg,3 246 391 380 507 4 494 406 534 425 2 93 503 313 567 
Japan_002961.jpg,1 3 398 185 560 1 188 320 277 388 
Japan_010088.jpg,4 384 354 565 452 
Japan_003227.jpg,
Japan_008850.jpg,1 271 414 311 517 
Japan_002271.jpg,
Japan_005619.jpg,
Japan_011888.jpg,4 89 413 129 435 3 335 530 599 599 
Japan_012748.jpg,1 234 372 376 595 
Japan_013068.jpg,1 208 375 269 508 
Japan_005369.jpg,
Japan_006421.jpg,3 137 371 598 599 4 278 464 318 486 
Japan_004991.jpg,3 186 445 599 599 4 463 481 520 517 
Japan_011656.jpg,1 277 517 310 599 
Japan_012252.jpg,
Japan_010250.jpg,3 58 431 237 598 
Japan_004475.jpg,3 182 330 238 463 
Japan_006775.jpg,3 4 303 229 598 3 316 293 597 540 
Japan_005227.jpg,
Japan_003468.jpg,3 408 444 599 599 
Japan_001525.jpg,3 241 567 433 599 
Japan_003928.jpg,
Japan_001959.jpg,4 80 724 217 838 
Japan_008783.jpg,
Japan_001147.jpg,
Japan_008641.jpg,3 16 377 216 596 
Japan_000125.jpg,1 304 360 416 583 2 24 483 96 503 2 7 506 95 524 2 1 538 76 555 
Japan_001672.jpg,
Japan_000482.jpg,
Japan_008005.jpg,2 444 344 549 368 
Japan_004812.jpg,4 88 461 124 476 
Japan_013019.jpg,1 312 412 370 500 
Japan_012340.jpg,
Japan_000815.jpg,3 0 380 347 598 
Japan_004092.jpg,4 258 445 290 467 4 310 491 337 509 4 253 472 283 491 
Japan_005630.jpg,2 343 466 506 485 2 339 445 472 464 
Japan_007020.jpg,
Japan_012308.jpg,
Japan_008133.jpg,
Japan_011892.jpg,
Japan_005738.jpg,3 334 423 517 516 4 495 481 516 500 
Japan_003723.jpg,4 438 318 640 436 
Japan_006474.jpg,
Japan_004226.jpg,2 262 515 348 570 2 227 495 316 549 
Japan_011961.jpg,1 430 455 467 523 
Japan_012655.jpg,
Japan_012414.jpg,3 10 89 339 441 
Japan_012202.jpg,3 167 462 599 599 
Japan_012934.jpg,3 85 334 396 597 
Japan_003294.jpg,1 95 59 264 418 
Japan_012445.jpg,3 0 376 441 599 
Japan_010485.jpg,3 237 402 596 599 
Japan_005056.jpg,2 133 434 231 454 
Japan_007538.jpg,4 444 561 598 599 1 88 445 191 595 
Japan_002289.jpg,3 0 369 598 599 
Japan_005469.jpg,
Japan_012805.jpg,1 145 462 209 598 
Japan_009377.jpg,
Japan_009834.jpg,
Japan_010252.jpg,
Japan_007822.jpg,1 22 318 103 365 1 506 406 599 515 1 506 333 598 374 
Japan_001158.jpg,3 0 440 399 599 
Japan_008986.jpg,3 352 459 595 573 
Japan_000514.jpg,3 350 395 598 599 
Japan_012253.jpg,2 396 424 584 457 
Japan_002353.jpg,
Japan_006017.jpg,1 489 377 555 482 
Japan_008909.jpg,
Japan_004127.jpg,3 389 350 598 503 
Japan_006289.jpg,1 285 433 406 490 
Japan_012104.jpg,3 106 396 595 599 
Japan_000621.jpg,1 175 341 212 428 1 154 246 215 321 1 249 90 303 201 1 346 51 384 89 1 236 217 264 248 
Japan_000505.jpg,3 0 367 454 599 4 39 490 97 531 4 191 365 247 399 4 84 407 176 456 4 180 401 227 428 
Japan_001253.jpg,1 228 419 281 500 
Japan_002643.jpg,
Japan_006256.jpg,3 428 94 559 233 2 333 129 432 154 
Japan_012629.jpg,
Japan_005637.jpg,3 239 372 599 599 
Japan_006585.jpg,1 319 437 344 491 
Japan_007551.jpg,3 412 472 513 561 
Japan_007616.jpg,
Japan_000502.jpg,3 102 375 533 598 
Japan_003044.jpg,
Japan_009313.jpg,1 216 453 364 596 2 476 513 599 541 1 466 504 522 599 2 516 488 599 535 
Japan_006813.jpg,
Japan_009405.jpg,
Japan_003203.jpg,3 412 507 599 599 4 3 563 52 585 
Japan_003773.jpg,3 192 474 287 518 3 336 501 398 533 
Japan_001751.jpg,3 256 318 589 441 
Japan_006781.jpg,
Japan_007416.jpg,3 353 341 442 421 
Japan_001331.jpg,2 222 485 344 517 
Japan_008255.jpg,
Japan_003055.jpg,3 387 458 598 581 1 194 507 303 589 1 284 461 337 507 
Japan_005896.jpg,
Japan_000848.jpg,2 415 444 599 474 3 324 426 428 489 1 528 556 586 599 
Japan_000156.jpg,3 115 347 485 599 3 453 352 598 440 
Japan_003598.jpg,1 330 518 406 598 
Japan_007864.jpg,
Japan_006579.jpg,1 302 497 323 535 
Japan_003105.jpg,3 267 472 596 589 
Japan_010588.jpg,
Japan_010690.jpg,4 560 469 599 500 3 0 393 598 543 
Japan_002462.jpg,
Japan_001731.jpg,
Japan_003020.jpg,
Japan_006249.jpg,
Japan_010435.jpg,4 285 270 664 676 
Japan_006418.jpg,
Japan_005775.jpg,1 234 420 265 453 
Japan_003728.jpg,
Japan_011310.jpg,3 225 420 419 595 3 0 400 128 598 
Japan_006511.jpg,3 259 369 591 567 
Japan_010877.jpg,2 407 243 598 289 
Japan_005729.jpg,3 14 324 333 586 2 331 404 476 429 
Japan_002099.jpg,3 17 383 301 587 3 395 402 598 516 
Japan_003441.jpg,
Japan_011270.jpg,
Japan_011998.jpg,1 464 362 531 418 
Japan_000390.jpg,1 500 484 573 572 
Japan_012470.jpg,3 435 431 588 497 
Japan_011811.jpg,3 82 452 330 599 
Japan_012837.jpg,3 42 471 485 599 
Japan_004609.jpg,3 21 75 274 433 3 360 69 564 394 
Japan_008555.jpg,4 175 552 211 599 4 400 527 528 599 4 469 507 522 533 
Japan_007124.jpg,3 253 385 405 446 
Japan_012544.jpg,2 486 481 586 502 
Japan_010941.jpg,3 161 339 322 516 
Japan_012788.jpg,1 440 292 518 373 
Japan_012776.jpg,3 304 437 385 544 
Japan_000629.jpg,3 328 463 397 534 
Japan_007133.jpg,2 110 312 340 341 
Japan_005302.jpg,4 395 166 573 281 
Japan_001844.jpg,4 301 402 329 435 4 340 547 371 588 
Japan_009846.jpg,3 5 351 558 586 
Japan_009205.jpg,3 357 421 597 481 3 396 523 599 599 2 229 553 420 583 1 494 405 547 444 
Japan_005310.jpg,1 206 303 247 327 
Japan_008436.jpg,
Japan_001004.jpg,3 111 387 382 460 
Japan_000849.jpg,3 0 481 597 592 
Japan_002525.jpg,3 173 414 599 599 
Japan_000792.jpg,4 151 345 182 375 3 367 512 599 599 4 552 523 599 556 
Japan_005955.jpg,3 93 468 595 593 
Japan_012620.jpg,2 4 294 220 338 
Japan_012139.jpg,1 113 505 182 567 
Japan_006733.jpg,3 399 411 598 599 3 307 307 380 358 
Japan_002385.jpg,
Japan_003540.jpg,3 0 391 548 599 
Japan_010339.jpg,1 326 318 544 493 
Japan_006460.jpg,1 298 469 418 598 
Japan_008822.jpg,3 329 360 463 470 4 95 568 136 599 
Japan_006240.jpg,3 1 362 597 598 
Japan_011730.jpg,3 160 415 398 594 
Japan_012042.jpg,
Japan_012278.jpg,
Japan_003476.jpg,1 501 471 580 543 
Japan_005412.jpg,
Japan_003588.jpg,
Japan_006974.jpg,1 302 460 354 580 2 338 501 597 542 
Japan_008929.jpg,1 186 451 217 540 1 260 437 357 555 1 249 545 285 598 1 135 348 151 381 
Japan_011358.jpg,
Japan_001186.jpg,4 459 534 503 584 3 328 429 520 597 
Japan_005624.jpg,
Japan_013083.jpg,1 93 528 140 581 
Japan_000321.jpg,4 401 494 465 554 4 385 458 428 492 1 3 445 191 571 
Japan_010754.jpg,3 171 390 309 580 
Japan_007777.jpg,3 142 380 597 599 4 165 502 237 554 
Japan_011453.jpg,3 429 440 599 594 
Japan_007254.jpg,2 345 478 581 504 
Japan_004065.jpg,1 448 487 593 599 
Japan_013021.jpg,1 348 280 587 593 
Japan_013027.jpg,1 161 436 205 519 
Japan_001162.jpg,3 265 349 466 435 3 460 431 599 554 3 0 416 167 599 4 25 498 107 557 
Japan_001034.jpg,3 424 395 599 599 
Japan_009261.jpg,3 41 354 593 598 
Japan_012555.jpg,3 110 440 258 597 
Japan_012272.jpg,
Japan_001670.jpg,3 0 394 129 598 3 308 401 406 598 1 388 299 593 458 
Japan_011908.jpg,3 18 155 277 423 
Japan_003839.jpg,4 382 451 434 485 3 285 404 391 474 
Japan_006078.jpg,2 37 558 367 593 
Japan_000475.jpg,
Japan_010993.jpg,1 446 495 540 598 2 134 490 216 513 
Japan_003467.jpg,3 33 344 512 586 4 176 387 215 427 4 194 364 220 382 
Japan_006761.jpg,1 207 407 300 488 2 222 509 572 594 2 1 487 141 516 
Japan_002455.jpg,
Japan_010606.jpg,
Japan_002817.jpg,1 537 474 597 599 1 274 327 594 595 
Japan_011422.jpg,4 177 482 238 520 4 468 466 504 491 
Japan_011850.jpg,3 361 0 539 136 3 0 19 187 143 
Japan_011362.jpg,
Japan_001454.jpg,
Japan_007577.jpg,3 4 359 597 595 
Japan_002140.jpg,3 4 270 418 579 
Japan_006363.jpg,3 214 450 446 599 3 399 363 599 471 
Japan_001648.jpg,
Japan_006026.jpg,1 144 493 199 597 
Japan_009788.jpg,3 341 337 599 599 
Japan_000250.jpg,
Japan_002199.jpg,3 313 47 539 430 
Japan_007773.jpg,3 118 367 597 598 
Japan_007365.jpg,
Japan_012318.jpg,4 510 396 599 456 
Japan_011760.jpg,1 384 431 487 533 
Japan_000682.jpg,3 208 483 407 599 
Japan_009827.jpg,4 128 483 190 515 3 130 480 360 599 3 291 369 402 455 
Japan_010193.jpg,
Japan_009337.jpg,1 303 454 379 591 2 2 478 105 501 
Japan_006000.jpg,
Japan_002272.jpg,3 44 439 339 598 
Japan_004522.jpg,
Japan_008110.jpg,3 272 361 570 584 
Japan_001775.jpg,1 360 372 490 595 
Japan_002057.jpg,
Japan_008923.jpg,1 393 471 469 588 1 136 472 207 525 
Japan_009762.jpg,1 347 239 459 402 2 291 467 457 507 1 437 118 598 246 
Japan_007058.jpg,3 101 437 204 504 
Japan_011128.jpg,3 72 387 230 596 3 278 440 400 598 
Japan_007178.jpg,1 189 503 233 598 1 203 423 231 486 
Japan_010401.jpg,
Japan_012315.jpg,3 248 442 352 597 
Japan_012730.jpg,
Japan_000470.jpg,3 244 254 599 493 1 320 148 357 200 1 371 150 402 187 
Japan_009768.jpg,3 139 353 598 599 
Japan_007803.jpg,3 391 410 597 597 3 23 430 308 598 
Japan_001464.jpg,3 284 307 353 368 2 234 381 450 437 3 169 453 447 593 
Japan_012239.jpg,3 413 496 529 599 
Japan_004728.jpg,2 2 549 224 593 
Japan_009469.jpg,
Japan_001780.jpg,
Japan_010170.jpg,
Japan_010112.jpg,3 208 450 579 598 
Japan_004106.jpg,
Japan_006964.jpg,
Japan_009371.jpg,
Japan_000982.jpg,3 0 419 238 586 
Japan_009228.jpg,1 362 445 420 597 
Japan_008386.jpg,
Japan_000714.jpg,3 2 326 208 581 
Japan_007419.jpg,
Japan_003264.jpg,3 0 372 182 599 3 395 426 599 582 3 201 376 372 598 
Japan_003173.jpg,3 449 387 599 536 
Japan_008239.jpg,
Japan_013002.jpg,3 180 359 599 599 
Japan_003898.jpg,1 121 399 191 495 
Japan_000563.jpg,3 4 47 537 537 
Japan_008317.jpg,3 195 430 596 598 2 133 379 232 409 
Japan_000919.jpg,1 230 351 331 463 
Japan_003772.jpg,3 416 364 597 576 
Japan_006814.jpg,
Japan_009537.jpg,
Japan_006016.jpg,
Japan_004130.jpg,2 256 228 420 252 
Japan_011683.jpg,2 153 305 210 322 
Japan_006219.jpg,2 91 372 249 399 3 234 338 489 445 
Japan_005697.jpg,
Japan_006210.jpg,1 317 404 376 440 
Japan_006383.jpg,2 57 466 137 500 
Japan_003385.jpg,1 356 459 434 520 
Japan_003883.jpg,2 117 342 597 425 1 445 267 481 319 2 235 254 552 277 
Japan_007451.jpg,1 185 321 302 402 2 0 439 309 487 2 378 509 487 569 2 359 437 448 463 
Japan_005253.jpg,
Japan_011434.jpg,2 380 354 494 382 
Japan_012091.jpg,4 304 515 439 580 
Japan_000443.jpg,3 314 316 599 577 2 95 506 299 545 
Japan_000497.jpg,4 8 347 58 376 
Japan_011966.jpg,4 341 459 387 479 3 221 429 344 599 
Japan_000499.jpg,3 93 386 594 599 
Japan_005458.jpg,3 0 376 599 598 4 472 436 531 463 
Japan_000806.jpg,3 250 419 384 457 
Japan_002522.jpg,
Japan_010749.jpg,
Japan_012925.jpg,
Japan_008777.jpg,
Japan_003283.jpg,
Japan_011159.jpg,
Japan_012173.jpg,3 152 419 577 594 2 46 458 187 487 
Japan_007009.jpg,1 383 289 426 350 
Japan_009615.jpg,
Japan_012288.jpg,4 285 482 366 524 3 42 419 595 599 
Japan_011184.jpg,4 252 428 311 455 3 136 559 333 599 
Japan_008048.jpg,3 0 371 495 598 4 222 480 248 509 
Japan_002985.jpg,2 271 527 384 547 2 257 462 331 476 2 253 445 314 459 
Japan_007138.jpg,4 143 502 259 599 4 189 427 253 495 3 255 432 523 599 
Japan_009699.jpg,
Japan_000411.jpg,
Japan_002430.jpg,1 345 402 491 592 2 18 443 247 496 
Japan_010745.jpg,2 93 450 139 465 
Japan_003334.jpg,4 329 516 352 545 
Japan_012981.jpg,1 180 410 231 582 
Japan_003725.jpg,3 148 335 420 598 
Japan_002608.jpg,2 91 270 241 304 2 172 168 297 198 
Japan_008564.jpg,3 452 504 578 576 
Japan_012021.jpg,4 436 265 527 321 4 470 194 509 217 
Japan_009370.jpg,4 436 413 688 560 
Japan_001226.jpg,4 454 440 532 502 
Japan_003087.jpg,3 84 384 596 530 
Japan_013050.jpg,
Japan_006309.jpg,3 0 228 557 576 
Japan_000820.jpg,
Japan_001925.jpg,
Japan_004419.jpg,
Japan_004039.jpg,
Japan_009136.jpg,1 366 449 418 577 
Japan_003406.jpg,
Japan_002431.jpg,3 33 342 415 598 
Japan_012031.jpg,3 8 378 210 599 3 235 408 302 598 
Japan_009078.jpg,1 280 510 326 598 
Japan_001379.jpg,1 423 287 596 545 
Japan_007737.jpg,
Japan_007831.jpg,3 248 387 468 599 
Japan_002145.jpg,3 93 361 598 598 
Japan_007290.jpg,3 1 327 243 589 
Japan_004301.jpg,
Japan_000346.jpg,4 457 403 666 536 
Japan_011835.jpg,1 486 181 550 219 2 422 238 553 265 1 204 145 237 198 
Japan_002418.jpg,
Japan_009432.jpg,3 11 384 309 599 3 456 440 599 535 
Japan_012777.jpg,
Japan_006629.jpg,3 8 337 595 598 
Japan_004017.jpg,
Japan_010852.jpg,
Japan_009280.jpg,3 0 328 267 517 
Japan_001882.jpg,
Japan_008570.jpg,
Japan_012833.jpg,1 530 336 599 410 
Japan_010522.jpg,
Japan_000061.jpg,
Japan_007797.jpg,3 159 375 246 598 
Japan_007489.jpg,3 241 233 460 490 
Japan_006663.jpg,
Japan_012190.jpg,4 283 860 760 1077 
Japan_009629.jpg,1 135 324 192 428 
Japan_000408.jpg,
Japan_000359.jpg,3 212 449 306 486 
Japan_008841.jpg,3 38 455 598 599 
Japan_006692.jpg,1 59 445 178 587 
Japan_002410.jpg,3 440 440 599 587 3 160 398 424 514 3 0 367 80 583 
Japan_012753.jpg,
Japan_001632.jpg,
Japan_001894.jpg,1 461 448 598 577 3 425 367 504 440 1 394 315 432 350 
Japan_009055.jpg,3 0 466 598 598 
Japan_001082.jpg,
Japan_006518.jpg,
Japan_012086.jpg,
Japan_007353.jpg,2 366 369 468 391 2 418 536 527 566 
Japan_009530.jpg,2 369 404 511 427 
Japan_005097.jpg,1 441 407 594 563 1 150 375 274 529 
Japan_007712.jpg,
Japan_003921.jpg,3 379 115 599 426 1 220 206 275 344 3 1 343 342 460 
Japan_002485.jpg,1 136 278 199 598 
Japan_003212.jpg,
Japan_008536.jpg,1 2 430 130 595 
Japan_005432.jpg,3 13 369 304 599 
Japan_011137.jpg,3 192 446 340 544 
Japan_001277.jpg,
Japan_005805.jpg,3 63 500 302 595 3 510 452 599 519 
Japan_006237.jpg,3 89 375 246 597 
Japan_011432.jpg,3 1 382 478 598 4 80 447 145 490 4 170 469 224 499 4 4 494 86 583 4 151 400 212 427 
Japan_010226.jpg,1 339 385 525 580 
Japan_009069.jpg,1 75 496 113 576 
Japan_000159.jpg,3 1 135 598 463 
Japan_000342.jpg,1 417 420 582 517 
Japan_008681.jpg,
Japan_001820.jpg,3 4 338 196 593 1 395 329 597 464 
Japan_010291.jpg,3 176 359 598 598 
Japan_002854.jpg,3 52 411 160 503 
Japan_002898.jpg,
Japan_007594.jpg,
Japan_012938.jpg,
Japan_000504.jpg,
Japan_007281.jpg,3 180 486 371 587 3 209 304 271 368 
Japan_007317.jpg,
Japan_002651.jpg,
Japan_003318.jpg,3 5 379 595 599 
Japan_001384.jpg,3 84 341 295 594 3 366 361 542 522 
Japan_012146.jpg,
Japan_006599.jpg,
Japan_004248.jpg,3 343 348 598 598 
Japan_005884.jpg,
Japan_002652.jpg,
Japan_008453.jpg,4 553 542 648 568 4 718 545 754 572 4 871 609 922 643 4 732 572 764 594 
Japan_008268.jpg,3 201 385 371 540 3 0 401 170 598 
Japan_003730.jpg,1 243 290 292 415 2 438 306 599 364 1 340 193 366 255 1 412 224 448 324 1 20 143 210 425 
Japan_000541.jpg,3 108 267 597 558 
Japan_003920.jpg,3 37 395 417 599 
Japan_011826.jpg,3 8 57 275 407 3 326 25 564 352 
Japan_002747.jpg,3 232 408 303 510 3 403 365 563 414 4 278 358 351 385 
Japan_008823.jpg,3 2 368 348 599 
Japan_001565.jpg,1 0 320 74 446 
Japan_008664.jpg,3 2 103 597 445 
Japan_000753.jpg,3 414 378 599 562 
Japan_008423.jpg,3 20 119 588 453 
Japan_003192.jpg,3 11 450 447 598 
Japan_010579.jpg,3 262 401 380 521 
Japan_001035.jpg,1 434 238 535 298 
Japan_012877.jpg,3 376 439 599 599 3 116 370 251 599 
Japan_000501.jpg,
Japan_007894.jpg,1 396 421 441 554 
Japan_010351.jpg,3 1 26 521 376 
Japan_005787.jpg,2 504 984 782 1025 
Japan_003292.jpg,3 375 353 599 595 
Japan_000951.jpg,1 394 468 530 599 
Japan_011880.jpg,
Japan_005138.jpg,2 454 443 545 489 
Japan_006281.jpg,3 434 462 587 538 
Japan_004635.jpg,1 345 420 454 563 
Japan_006435.jpg,2 382 338 420 350 
Japan_009835.jpg,
Japan_003592.jpg,3 27 341 350 586 
Japan_011008.jpg,
Japan_003099.jpg,
Japan_010201.jpg,3 0 338 155 599 
Japan_012496.jpg,3 197 437 598 545 3 0 393 132 512 
Japan_006152.jpg,3 17 381 298 583 2 404 452 596 484 
Japan_009485.jpg,
Japan_002543.jpg,
Japan_006887.jpg,3 384 352 465 423 
Japan_004712.jpg,3 40 350 594 598 
Japan_000795.jpg,1 453 329 551 499 
Japan_000255.jpg,4 238 486 304 549 3 139 435 590 599 
Japan_012750.jpg,4 206 459 255 480 
Japan_012312.jpg,3 1 217 599 580 
Japan_003213.jpg,3 6 66 538 515 
Japan_003818.jpg,3 1 410 592 588 
Japan_008778.jpg,3 256 494 599 599 4 216 348 255 368 
Japan_005835.jpg,3 7 350 377 598 
Japan_001163.jpg,3 56 343 204 597 
Japan_011165.jpg,4 185 478 266 582 4 217 430 264 459 4 221 456 262 476 4 218 416 245 429 3 300 430 491 598 
Japan_008360.jpg,3 0 203 243 405 1 166 213 213 339 
Japan_006197.jpg,
Japan_010265.jpg,
Japan_004468.jpg,3 379 424 598 584 
Japan_008883.jpg,2 361 432 485 454 2 89 454 290 483 
Japan_012395.jpg,
Japan_000692.jpg,3 217 341 593 585 
Japan_000185.jpg,
Japan_013108.jpg,4 207 533 278 588 
Japan_004532.jpg,3 204 386 457 463 2 366 332 439 363 
Japan_012457.jpg,
Japan_000161.jpg,
Japan_000195.jpg,3 144 462 251 527 1 520 549 564 598 3 424 372 597 436 1 253 331 283 370 
Japan_011798.jpg,1 340 521 401 599 
Japan_006329.jpg,3 178 435 300 599 
Japan_004031.jpg,3 266 384 596 598 
Japan_003771.jpg,1 527 291 598 350 1 1 325 81 426 
Japan_007935.jpg,4 154 536 215 580 
Japan_004034.jpg,2 241 277 586 317 2 401 273 490 292 
Japan_003086.jpg,3 328 361 534 542 
Japan_005877.jpg,
Japan_002877.jpg,1 302 338 572 579 3 336 307 490 399 
Japan_004421.jpg,1 525 195 597 299 
Japan_003280.jpg,3 244 356 594 598 3 15 341 184 533 4 286 419 354 446 
Japan_007846.jpg,2 255 401 408 428 3 386 406 599 598 
Japan_008305.jpg,2 410 527 597 570 
Japan_007662.jpg,3 5 491 483 595 
Japan_013023.jpg,1 501 425 551 489 
Japan_002050.jpg,4 422 525 497 595 
Japan_002683.jpg,3 275 380 492 595 
Japan_001344.jpg,4 266 541 307 571 3 212 467 394 599 
Japan_010966.jpg,
Japan_005314.jpg,
Japan_006763.jpg,3 395 389 598 538 3 289 375 376 455 
Japan_004686.jpg,
Japan_004561.jpg,4 35 542 67 570 
Japan_012499.jpg,
Japan_001458.jpg,1 316 403 353 472 
Japan_005196.jpg,
Japan_008568.jpg,1 223 332 278 402 
Japan_003473.jpg,3 219 417 343 515 3 388 414 500 524 
Japan_011737.jpg,
Japan_005353.jpg,
Japan_012236.jpg,
Japan_005886.jpg,
Japan_002157.jpg,2 0 415 141 438 2 0 389 92 410 
Japan_004368.jpg,3 0 386 235 591 3 330 377 545 497 
Japan_007608.jpg,1 436 516 480 560 
Japan_005213.jpg,2 330 419 402 435 2 3 505 93 523 
Japan_003423.jpg,3 428 524 552 594 
Japan_002251.jpg,3 440 184 599 370 
Japan_000606.jpg,3 74 403 251 580 
Japan_001057.jpg,2 492 362 599 392 1 132 351 176 411 
Japan_012376.jpg,
Japan_010093.jpg,3 81 348 550 595 
Japan_004068.jpg,
Japan_008262.jpg,3 25 408 246 598 
Japan_007000.jpg,
Japan_004320.jpg,
Japan_008548.jpg,1 502 494 599 599 
Japan_007918.jpg,
Japan_004465.jpg,3 0 448 323 598 
Japan_009868.jpg,1 106 429 169 528 
Japan_001126.jpg,2 154 473 409 516 
Japan_001341.jpg,3 346 333 599 599 
Japan_010938.jpg,
Japan_010141.jpg,3 1 409 455 597 
Japan_012930.jpg,
Japan_011098.jpg,
Japan_007025.jpg,4 502 432 532 450 4 320 434 378 462 
Japan_006343.jpg,
Japan_006982.jpg,3 0 384 260 598 
Japan_009694.jpg,1 229 390 289 562 
Japan_010071.jpg,1 466 358 578 462 
Japan_012007.jpg,3 15 404 272 599 4 432 458 462 479 3 337 406 495 597 
Japan_005217.jpg,
Japan_006447.jpg,3 294 478 525 599 
Japan_001124.jpg,3 319 506 464 565 
Japan_006640.jpg,3 23 362 260 598 
Japan_003848.jpg,
Japan_003276.jpg,1 331 462 368 544 
Japan_007934.jpg,
Japan_002441.jpg,3 0 336 272 598 4 220 402 301 448 1 404 336 485 409 1 464 425 554 493 
Japan_001851.jpg,1 6 432 139 598 
Japan_011996.jpg,
Japan_002290.jpg,3 249 386 599 599 
Japan_001911.jpg,2 379 302 459 321 2 427 352 593 387 
Japan_001500.jpg,2 43 542 384 592 
Japan_000854.jpg,3 398 421 599 599 4 527 490 563 515 
Japan_007425.jpg,
Japan_002573.jpg,2 124 471 359 504 2 122 386 308 419 3 294 382 591 598 
Japan_002011.jpg,3 27 404 595 598 
Japan_006963.jpg,3 256 343 410 597 
Japan_009860.jpg,4 107 470 218 520 
Japan_002351.jpg,
Japan_010832.jpg,3 370 377 599 598 
Japan_012910.jpg,3 208 350 598 599 4 210 505 263 544 
Japan_008011.jpg,3 146 382 317 492 
Japan_003577.jpg,1 228 464 264 553 
Japan_002891.jpg,1 303 418 370 497 
Japan_004376.jpg,4 568 155 693 204 
Japan_011190.jpg,1 272 418 313 494 
Japan_007067.jpg,2 456 381 599 408 3 387 348 448 388 
Japan_004566.jpg,1 233 424 273 507 
Japan_003218.jpg,3 2 363 595 598 
Japan_010023.jpg,
Japan_009192.jpg,
Japan_008432.jpg,
Japan_010294.jpg,3 93 439 239 522 4 305 581 339 599 3 295 502 383 597 
Japan_004633.jpg,4 139 386 185 409 4 249 414 268 437 
Japan_012360.jpg,3 288 396 598 598 
Japan_003743.jpg,
Japan_006596.jpg,
Japan_000382.jpg,4 552 542 603 572 
Japan_005181.jpg,
Japan_009434.jpg,3 338 371 551 598 
Japan_003634.jpg,4 409 410 473 435 
Japan_006879.jpg,
Japan_004493.jpg,4 196 458 240 484 3 0 413 91 535 
Japan_003288.jpg,1 320 322 389 521 
Japan_001726.jpg,1 234 571 256 599 
Japan_003645.jpg,4 221 377 250 391 4 172 401 214 417 3 251 379 337 420 3 158 447 552 599 3 0 451 133 599 
Japan_008484.jpg,2 448 453 598 488 2 133 477 416 523 
Japan_011740.jpg,
Japan_010154.jpg,
Japan_010719.jpg,3 231 471 378 552 3 410 362 598 393 
Japan_007407.jpg,1 205 369 259 466 1 303 514 381 599 1 290 313 307 355 
Japan_005926.jpg,1 254 415 362 584 
Japan_009009.jpg,4 371 444 437 510 3 236 415 321 597 
Japan_012293.jpg,1 370 441 497 543 
Japan_009937.jpg,3 285 342 598 596 
Japan_001693.jpg,3 342 446 595 598 
Japan_003817.jpg,3 421 430 599 599 
Japan_005930.jpg,3 245 482 358 585 
Japan_008492.jpg,3 345 486 435 580 
Japan_001737.jpg,2 1 523 270 560 
Japan_013118.jpg,3 155 405 261 476 
Japan_003460.jpg,1 263 480 311 598 2 299 427 406 452 
Japan_011930.jpg,1 439 477 537 593 
Japan_007031.jpg,2 331 274 596 332 
Japan_001932.jpg,
Japan_008724.jpg,3 0 411 190 593 
Japan_000746.jpg,3 234 432 360 598 
Japan_012648.jpg,1 415 206 447 235 
Japan_012827.jpg,3 280 380 449 592 
Japan_006341.jpg,
Japan_007032.jpg,1 195 111 286 267 
Japan_005462.jpg,3 607 131 986 278 4 480 234 585 314 4 364 250 474 352 
Japan_007065.jpg,3 55 428 597 599 
Japan_003208.jpg,
Japan_001210.jpg,
Japan_000226.jpg,2 244 534 598 599 
Japan_006235.jpg,
Japan_008489.jpg,3 20 363 196 589 2 171 463 427 516 1 516 471 597 531 
Japan_012969.jpg,3 276 382 493 599 
Japan_012533.jpg,
Japan_008129.jpg,
Japan_001497.jpg,3 49 383 598 598 
Japan_008980.jpg,1 376 357 596 536 1 470 495 563 598 1 432 358 597 441 
Japan_002076.jpg,3 219 370 420 598 2 383 471 498 504 2 352 392 432 411 
Japan_010457.jpg,3 28 436 318 592 
Japan_001181.jpg,4 565 412 599 429 
Japan_003066.jpg,2 11 440 570 485 
Japan_006892.jpg,4 301 408 333 427 
Japan_012183.jpg,
Japan_012026.jpg,3 0 359 598 595 
Japan_008181.jpg,4 396 555 471 582 3 0 503 109 599 3 0 411 148 495 
Japan_006540.jpg,3 263 383 399 585 
Japan_007534.jpg,
Japan_005061.jpg,3 147 431 256 586 
Japan_009888.jpg,3 55 439 490 599 
Japan_006948.jpg,3 320 393 582 596 
Japan_005784.jpg,
Japan_012111.jpg,
Japan_011262.jpg,
Japan_006543.jpg,
Japan_006014.jpg,2 418 516 549 542 3 246 408 459 596 2 255 539 372 562 
Japan_004012.jpg,3 58 379 598 598 
Japan_010218.jpg,3 0 316 380 590 
Japan_006491.jpg,3 0 324 597 598 
Japan_007597.jpg,3 396 207 568 360 
Japan_005237.jpg,3 360 340 593 463 
Japan_010144.jpg,3 126 417 270 487 
Japan_011608.jpg,1 361 481 481 599 
Japan_003284.jpg,3 353 447 455 559 
Japan_002170.jpg,3 117 320 361 574 
Japan_008871.jpg,3 0 460 1021 1021 
Japan_002590.jpg,4 538 378 579 399 
Japan_010865.jpg,
Japan_008331.jpg,4 456 452 528 519 
Japan_000451.jpg,1 541 465 566 529 
Japan_008320.jpg,1 303 0 350 71 3 278 201 595 401 2 353 133 495 161 2 342 55 471 79 
Japan_001813.jpg,3 85 417 369 509 
Japan_009833.jpg,3 0 390 171 598 
Japan_002949.jpg,4 486 508 524 541 
Japan_002790.jpg,1 299 415 358 594 
Japan_004893.jpg,
Japan_001028.jpg,
Japan_009114.jpg,3 4 86 263 468 
Japan_004852.jpg,
Japan_008437.jpg,
Japan_005826.jpg,1 318 389 467 595 
Japan_007985.jpg,3 16 398 535 599 
Japan_012118.jpg,1 448 550 530 598 
Japan_000699.jpg,
Japan_006213.jpg,1 102 417 159 496 
Japan_008906.jpg,3 0 416 236 599 
Japan_003567.jpg,
Japan_007854.jpg,3 381 362 598 598 
Japan_005636.jpg,3 420 391 599 552 4 514 468 573 509 
Japan_009612.jpg,
Japan_012535.jpg,2 259 483 395 519 
Japan_000857.jpg,2 398 437 499 459 3 457 485 507 523 
Japan_004163.jpg,3 290 365 598 586 
Japan_007826.jpg,2 401 521 506 539 2 279 419 346 433 
Japan_008311.jpg,4 379 826 547 1022 4 372 573 558 799 4 353 234 432 317 4 362 447 455 556 
Japan_009680.jpg,2 305 305 599 372 
Japan_011732.jpg,4 351 405 406 429 
Japan_008462.jpg,3 0 429 427 599 
Japan_009688.jpg,
Japan_003541.jpg,3 0 308 184 374 
Japan_009186.jpg,
Japan_001272.jpg,3 1 382 566 598 
Japan_005453.jpg,3 2 206 598 589 
Japan_005746.jpg,
Japan_008419.jpg,
Japan_001626.jpg,
Japan_004701.jpg,2 199 144 521 176 
Japan_010909.jpg,1 297 460 355 599 2 160 394 341 420 
Japan_000280.jpg,1 298 521 354 572 
Japan_001846.jpg,4 224 573 258 599 3 323 384 598 599 
Japan_009949.jpg,3 288 450 444 598 
Japan_001545.jpg,
Japan_012342.jpg,1 285 433 322 579 
Japan_003988.jpg,3 410 218 544 292 3 455 308 535 396 
Japan_000323.jpg,
Japan_012936.jpg,1 307 330 486 579 2 483 448 599 474 
Japan_009752.jpg,3 92 373 597 597 3 0 500 176 599 
Japan_009387.jpg,
Japan_004600.jpg,1 204 526 232 596 
Japan_005505.jpg,4 455 574 497 599 3 153 372 595 598 
Japan_008442.jpg,2 419 353 599 394 3 408 91 595 300 
Japan_011946.jpg,3 328 440 586 522 
Japan_002264.jpg,4 530 550 628 635 
Japan_001268.jpg,3 308 346 582 593 
Japan_006831.jpg,4 337 539 389 571 4 211 392 251 423 3 0 385 598 568 4 191 434 234 461 
Japan_005376.jpg,
Japan_009729.jpg,4 35 310 141 388 4 134 182 181 209 
Japan_011197.jpg,3 1 390 429 598 4 194 476 230 508 
Japan_002165.jpg,3 33 414 332 599 4 232 483 284 511 
Japan_012617.jpg,1 266 485 318 522 
Japan_002797.jpg,3 5 361 594 598 
Japan_011523.jpg,3 5 387 575 599 
Japan_009844.jpg,1 173 334 287 478 
Japan_002279.jpg,3 4 379 598 599 
Japan_013044.jpg,3 152 61 448 391 2 438 162 575 191 
Japan_006365.jpg,3 1 330 358 598 
Japan_011442.jpg,3 201 476 342 588 
Japan_000054.jpg,
Japan_011581.jpg,4 569 115 674 206 
Japan_002064.jpg,4 386 344 444 372 3 4 439 507 576 3 18 281 199 368 
Japan_000163.jpg,
Japan_008751.jpg,1 150 140 283 515 1 345 150 597 476 1 415 154 558 254 
Japan_004850.jpg,3 316 388 484 599 
Japan_005449.jpg,2 338 427 403 446 
Japan_012249.jpg,1 421 508 598 599 
Japan_006920.jpg,4 239 548 285 568 3 212 499 355 599 
Japan_010238.jpg,4 461 644 700 812 
Japan_010959.jpg,3 321 373 597 585 2 167 376 322 402 2 145 449 330 475 
Japan_003193.jpg,3 3 352 597 598 
Japan_000132.jpg,3 308 467 593 533 4 321 336 385 357 
Japan_009169.jpg,1 0 333 170 515 3 268 65 540 538 
Japan_002356.jpg,1 489 432 597 541 2 233 504 419 540 
Japan_001720.jpg,3 2 439 597 599 4 221 483 276 519 
Japan_002935.jpg,2 492 514 597 541 1 396 363 482 431 2 518 458 598 478 
Japan_009786.jpg,3 117 398 451 597 
Japan_005776.jpg,1 265 457 334 563 
Japan_007449.jpg,3 31 234 278 463 3 216 109 354 216 2 472 266 571 294 
Japan_003319.jpg,1 1 383 139 575 1 338 499 383 587 
Japan_012109.jpg,1 407 230 531 364 
Japan_003223.jpg,2 284 537 371 554 1 247 450 303 598 
Japan_013130.jpg,1 292 328 313 409 
Japan_006855.jpg,3 311 476 481 547 3 0 467 186 538 
Japan_005093.jpg,3 0 357 281 500 
Japan_007258.jpg,2 222 396 426 441 
Japan_000491.jpg,2 5 416 591 492 
Japan_004487.jpg,
Japan_012359.jpg,
Japan_012070.jpg,3 0 390 596 599 
Japan_013039.jpg,1 370 323 579 463 3 190 348 284 462 
Japan_011166.jpg,
Japan_009581.jpg,
Japan_001201.jpg,4 456 530 497 556 3 361 421 596 552 
Japan_003764.jpg,1 305 365 343 410 1 448 467 589 598 
Japan_003110.jpg,4 255 432 366 515 
Japan_006783.jpg,3 360 456 599 599 3 15 335 217 552 
Japan_004695.jpg,3 515 487 599 534 1 527 555 569 594 
Japan_003516.jpg,
Japan_013088.jpg,3 492 455 599 599 1 208 462 244 520 
Japan_003790.jpg,
Japan_012786.jpg,3 80 424 487 598 
Japan_012199.jpg,3 428 549 535 599 
Japan_004842.jpg,
Japan_000227.jpg,3 24 382 263 595 3 421 454 544 509 3 436 539 599 598 
Japan_002369.jpg,3 405 437 580 598 3 271 365 395 441 
Japan_002297.jpg,2 305 292 508 346 
Japan_012664.jpg,
Japan_003248.jpg,
Japan_003508.jpg,1 199 435 259 593 1 462 399 599 525 1 233 297 259 346 
Japan_008952.jpg,
Japan_011762.jpg,3 130 393 598 598 4 563 567 599 599 
Japan_009128.jpg,1 265 506 334 576 
Japan_003109.jpg,
Japan_002437.jpg,1 1 310 234 532 
Japan_007874.jpg,3 140 437 592 597 
Japan_012822.jpg,3 1 392 259 587 4 106 459 160 503 
Japan_009671.jpg,
Japan_001653.jpg,3 248 363 546 598 
Japan_003823.jpg,
Japan_001292.jpg,2 212 265 285 289 2 515 324 591 349 
Japan_010746.jpg,
Japan_003481.jpg,3 276 323 598 580 
Japan_009819.jpg,4 458 534 482 555 
Japan_009462.jpg,2 204 442 397 488 1 89 274 153 375 1 344 311 417 495 2 0 349 91 377 2 1 421 156 458 
Japan_004244.jpg,3 128 682 446 1076 
Japan_008448.jpg,3 197 393 509 492 
Japan_009497.jpg,3 195 376 599 599 
Japan_006607.jpg,2 177 359 400 402 
Japan_001270.jpg,
Japan_008210.jpg,
Japan_006322.jpg,2 315 528 433 549 
Japan_010602.jpg,
Japan_006109.jpg,3 45 65 289 433 1 381 62 445 181 
Japan_011534.jpg,4 238 541 305 574 3 42 405 529 599 
Japan_001317.jpg,1 485 496 596 568 
Japan_000907.jpg,
Japan_010262.jpg,3 0 344 248 599 3 257 328 375 459 1 458 465 599 599 
Japan_002668.jpg,
Japan_000479.jpg,
Japan_004317.jpg,1 328 499 397 598 
Japan_006006.jpg,1 352 415 413 478 
Japan_002096.jpg,4 127 563 169 591 3 133 436 547 599 
Japan_004848.jpg,1 2 357 159 533 
Japan_011349.jpg,3 275 387 591 599 
Japan_008719.jpg,
Japan_000083.jpg,
Japan_008384.jpg,
Japan_006271.jpg,1 115 419 291 595 
Japan_005325.jpg,
Japan_012305.jpg,
Japan_005561.jpg,1 372 200 423 264 
Japan_002783.jpg,
Japan_007996.jpg,1 235 124 272 169 
Japan_001291.jpg,2 330 396 474 420 
Japan_011545.jpg,1 230 487 269 587 
Japan_000813.jpg,
Japan_008252.jpg,3 253 428 537 596 
Japan_011418.jpg,
Japan_003969.jpg,
Japan_006247.jpg,3 424 444 503 523 
Japan_002150.jpg,3 382 342 598 475 3 151 330 304 414 
Japan_007288.jpg,1 19 414 128 573 2 168 443 321 469 2 330 412 595 445 1 446 518 497 591 
Japan_002114.jpg,1 338 350 441 468 
Japan_000845.jpg,4 422 406 451 431 4 531 476 567 504 
Japan_005610.jpg,1 164 357 221 448 
Japan_004036.jpg,3 398 470 547 559 
Japan_011777.jpg,3 394 320 589 409 
Japan_008111.jpg,3 52 351 597 598 
Japan_000239.jpg,
Japan_006257.jpg,3 342 452 408 538 
Japan_008552.jpg,3 3 421 121 505 1 390 457 429 523 
Japan_003792.jpg,3 0 327 299 598 
Japan_010270.jpg,
Japan_011478.jpg,
Japan_010610.jpg,
Japan_010430.jpg,3 122 261 306 463 3 406 283 576 442 
Japan_006280.jpg,3 25 344 295 593 
Japan_005365.jpg,1 333 375 495 587 
Japan_008826.jpg,3 396 489 539 581 
Japan_010117.jpg,3 266 398 598 597 
Japan_008379.jpg,
Japan_002815.jpg,
Japan_003190.jpg,
Japan_009711.jpg,1 209 322 438 587 
Japan_011904.jpg,3 2 363 440 599 
Japan_001800.jpg,
Japan_004632.jpg,1 327 125 597 463 
Japan_008203.jpg,1 541 282 599 383 
Japan_004180.jpg,1 291 434 310 467 
Japan_008930.jpg,
Japan_002621.jpg,
Japan_004326.jpg,
Japan_000134.jpg,
Japan_000167.jpg,1 387 394 452 467 1 481 453 542 582 
Japan_003543.jpg,
Japan_007827.jpg,4 294 475 321 499 3 504 410 598 496 
Japan_009876.jpg,4 50 523 91 552 3 3 453 593 581 
Japan_006092.jpg,4 0 520 34 571 
Japan_000288.jpg,3 215 112 539 429 1 124 404 214 530 
Japan_009240.jpg,3 251 363 598 594 
Japan_012891.jpg,
Japan_006683.jpg,1 461 387 576 597 
Japan_006375.jpg,
Japan_009015.jpg,1 299 425 326 480 
Japan_012451.jpg,3 260 475 322 599 
Japan_006328.jpg,3 134 3 1020 856 4 293 203 464 407 
Japan_005878.jpg,4 247 549 282 574 4 212 575 271 599 
Japan_008147.jpg,3 316 142 590 473 
Japan_005927.jpg,4 339 438 449 479 
Japan_011150.jpg,
Japan_012206.jpg,4 436 451 522 519 4 364 445 446 476 
Japan_010204.jpg,1 391 253 587 548 3 150 279 252 334 
Japan_003142.jpg,3 35 403 598 599 4 473 486 508 511 
Japan_006413.jpg,
Japan_000524.jpg,
Japan_003114.jpg,1 27 494 102 596 
Japan_001811.jpg,1 386 477 439 531 
Japan_007693.jpg,4 212 425 312 470 4 376 485 441 519 3 329 482 495 597 
Japan_000863.jpg,
Japan_012627.jpg,3 283 371 598 599 
Japan_004415.jpg,3 233 288 427 489 
Japan_010882.jpg,3 77 415 254 599 
Japan_009861.jpg,1 104 430 162 524 
Japan_004478.jpg,2 328 226 482 254 
Japan_008278.jpg,
Japan_004755.jpg,3 230 113 507 452 
Japan_011200.jpg,3 94 394 599 599 
Japan_002022.jpg,1 359 505 406 581 
Japan_012650.jpg,
Japan_008578.jpg,3 194 328 591 589 
Japan_006414.jpg,1 376 81 475 164 1 527 271 599 375 
Japan_008138.jpg,1 187 345 275 573 1 154 263 210 373 2 3 271 462 323 
Japan_011557.jpg,3 1 350 596 598 
Japan_012156.jpg,1 379 450 467 513 1 341 417 405 451 
Japan_012386.jpg,
Japan_004057.jpg,3 101 373 564 599 
Japan_007306.jpg,4 167 447 219 478 3 46 412 592 599 
Japan_003195.jpg,2 103 500 263 530 
Japan_006203.jpg,3 0 348 188 488 3 239 366 503 570 
Japan_005392.jpg,3 79 236 284 541 
Japan_012745.jpg,3 217 456 408 599 3 0 378 186 558 3 183 320 233 348 
Japan_012134.jpg,3 8 395 162 589 
Japan_004637.jpg,3 0 243 538 443 
Japan_004464.jpg,3 7 354 493 599 
Japan_003116.jpg,3 324 344 596 598 
Japan_009966.jpg,3 31 385 310 598 
Japan_010813.jpg,
Japan_008775.jpg,
Japan_003989.jpg,1 327 528 369 598 
Japan_011474.jpg,3 36 411 293 598 
Japan_008758.jpg,1 311 395 501 596 1 186 448 222 532 
Japan_009466.jpg,3 229 404 596 598 
Japan_002452.jpg,3 2 383 597 599 4 249 491 356 582 
Japan_005039.jpg,4 26 338 69 364 
Japan_008213.jpg,3 0 352 204 599 4 459 439 554 502 
Japan_010849.jpg,3 97 494 268 599 3 383 433 598 598 
Japan_002268.jpg,3 57 393 523 599 4 430 501 481 544 
Japan_009753.jpg,
Japan_013079.jpg,4 203 363 239 379 
Japan_012094.jpg,
Japan_002620.jpg,1 210 383 273 472 
Japan_011040.jpg,3 0 471 362 598 
Japan_000016.jpg,1 20 378 151 536 1 74 516 139 571 
Japan_012222.jpg,3 352 366 599 598 
Japan_012663.jpg,
Japan_003894.jpg,3 0 462 93 564 
Japan_007685.jpg,3 148 389 596 599 4 206 475 295 506 
Japan_011866.jpg,3 0 379 65 487 2 369 250 597 291 
Japan_011858.jpg,3 295 484 450 580 2 203 519 303 539 
Japan_010902.jpg,
Japan_010194.jpg,4 429 490 480 525 3 315 404 598 599 
Japan_000007.jpg,
Japan_010904.jpg,3 161 428 599 599 3 0 410 128 447 4 340 492 400 545 
Japan_006666.jpg,
Japan_003699.jpg,
Japan_001461.jpg,1 225 413 257 580 
Japan_012895.jpg,
Japan_008879.jpg,4 374 407 396 422 
Japan_006208.jpg,3 63 308 400 598 
Japan_000512.jpg,3 5 182 267 529 
Japan_004596.jpg,1 387 456 461 511 
Japan_006949.jpg,3 4 175 299 533 2 231 312 497 345 2 301 207 399 225 
Japan_002786.jpg,1 324 448 370 565 
Japan_008430.jpg,4 51 505 93 537 3 292 404 598 599 
Japan_005135.jpg,
Japan_011013.jpg,1 190 517 245 598 
Japan_009226.jpg,3 338 79 598 472 2 242 144 371 169 2 203 291 420 342 2 305 170 387 191 3 46 92 253 412 
Japan_011674.jpg,3 1 315 157 452 2 118 411 313 459 
Japan_011447.jpg,1 138 297 185 357 3 168 272 261 306 
Japan_009046.jpg,1 449 327 578 495 1 413 206 499 310 
Japan_003855.jpg,3 3 332 595 597 
Japan_009739.jpg,
Japan_013086.jpg,3 281 308 598 597 3 0 396 164 591 
Japan_008671.jpg,
Japan_006076.jpg,3 280 381 451 469 3 109 453 276 599 4 220 461 272 485 3 523 447 599 552 
Japan_004102.jpg,1 319 197 446 469 
Japan_013061.jpg,4 97 516 145 580 
Japan_010165.jpg,
Japan_012503.jpg,3 0 404 231 599 3 458 527 555 599 
Japan_009723.jpg,
Japan_006456.jpg,
Japan_003043.jpg,
Japan_009686.jpg,4 210 220 300 254 3 1 225 303 523 
Japan_011300.jpg,2 447 348 597 378 
Japan_006850.jpg,
Japan_010853.jpg,1 464 393 599 495 2 325 485 597 519 1 309 524 352 594 
Japan_009747.jpg,
Japan_009627.jpg,
Japan_001798.jpg,1 332 418 505 562 
Japan_009541.jpg,1 257 422 300 598 
Japan_005384.jpg,4 603 672 708 790 4 569 545 718 668 
Japan_010651.jpg,1 265 132 363 453 2 355 190 553 214 
Japan_004550.jpg,1 212 384 244 431 
Japan_005769.jpg,3 1 288 211 428 2 189 387 596 435 2 205 330 336 348 
Japan_000894.jpg,3 283 372 597 594 
Japan_001864.jpg,3 426 152 598 344 
Japan_000181.jpg,3 278 337 598 599 1 49 479 130 596 1 0 513 35 596 
Japan_006597.jpg,1 262 454 409 537 2 170 364 289 386 
Japan_011345.jpg,1 402 421 490 539 1 299 400 359 598 1 422 378 500 424 1 554 424 599 456 
Japan_003362.jpg,3 10 203 588 448 
Japan_008253.jpg,
Japan_001418.jpg,3 168 321 249 440 
Japan_012098.jpg,2 6 322 345 360 
Japan_003571.jpg,3 283 396 420 471 
Japan_004037.jpg,
Japan_002135.jpg,2 426 409 599 454 2 408 518 599 570 
Japan_002858.jpg,
Japan_002848.jpg,3 4 261 195 586 
Japan_008232.jpg,1 143 394 202 455 
Japan_002015.jpg,4 361 547 399 591 
Japan_011547.jpg,3 53 428 145 486 
Japan_004160.jpg,
Japan_012632.jpg,
Japan_008459.jpg,3 28 315 409 455 
Japan_007800.jpg,1 241 428 260 465 
Japan_005860.jpg,1 100 350 209 433 
Japan_010281.jpg,3 104 341 598 598 
Japan_002092.jpg,3 159 343 347 599 
Japan_005232.jpg,4 276 479 358 533 4 421 504 475 534 
Japan_012447.jpg,
Japan_002480.jpg,3 225 312 597 598 
Japan_011074.jpg,1 507 404 598 462 
Japan_005456.jpg,3 345 346 599 516 
Japan_010584.jpg,3 0 461 275 599 3 463 492 599 582 
Japan_004162.jpg,
Japan_010152.jpg,1 105 360 158 456 
Japan_012492.jpg,1 265 384 327 598 
Japan_002587.jpg,
Japan_008182.jpg,3 307 411 479 588 2 511 540 599 561 2 413 432 518 449 
Japan_010454.jpg,3 414 344 597 500 1 455 565 477 599 1 295 435 332 598 
Japan_001465.jpg,1 330 403 380 487 
Japan_002696.jpg,1 321 405 376 485 
Japan_011000.jpg,3 265 427 470 599 3 71 451 157 509 
Japan_009901.jpg,3 240 353 322 437 3 185 521 333 599 
Japan_000307.jpg,3 148 387 598 597 
Japan_010331.jpg,3 0 381 189 594 
Japan_011112.jpg,4 292 215 730 348 4 212 19 340 63 
Japan_003985.jpg,
Japan_001179.jpg,2 207 331 594 381 
Japan_006637.jpg,3 149 318 243 408 
Japan_008695.jpg,
Japan_000876.jpg,
Japan_006058.jpg,
Japan_010066.jpg,
Japan_010975.jpg,1 397 437 454 490 
Japan_000686.jpg,
Japan_006773.jpg,
Japan_004446.jpg,
Japan_012885.jpg,3 0 318 435 591 
Japan_009971.jpg,3 293 367 594 599 
Japan_001842.jpg,1 288 405 343 598 
Japan_003799.jpg,1 316 435 383 599 
Japan_007392.jpg,3 356 344 599 599 3 215 376 248 411 3 190 417 226 460 4 421 447 469 467 
Japan_003563.jpg,1 40 297 104 446 
Japan_002948.jpg,3 0 380 480 598 
Japan_011080.jpg,1 313 321 522 583 
Japan_009613.jpg,3 121 418 287 599 3 342 389 528 474 4 222 494 255 527 
Japan_000969.jpg,3 4 371 289 593 
Japan_005160.jpg,
Japan_000946.jpg,3 158 470 267 596 
Japan_000868.jpg,
Japan_002090.jpg,3 0 360 117 520 
Japan_009365.jpg,
Japan_005268.jpg,1 171 367 194 451 1 154 494 182 599 
Japan_005899.jpg,3 8 405 599 599 4 206 415 256 441 4 0 563 87 599 
Japan_009736.jpg,3 0 265 599 599 
Japan_012916.jpg,2 475 63 599 83 
Japan_003094.jpg,3 324 345 595 599 3 0 381 214 597 
Japan_011794.jpg,
Japan_003565.jpg,4 401 461 506 491 
Japan_011941.jpg,2 349 280 478 307 
Japan_000057.jpg,
Japan_002049.jpg,3 455 78 599 362 
Japan_007444.jpg,2 107 229 502 330 
Japan_003519.jpg,2 306 451 364 466 
Japan_007387.jpg,1 84 409 192 473 1 351 508 422 598 3 9 506 102 599 
Japan_004400.jpg,4 84 462 168 507 3 0 424 159 599 
Japan_002529.jpg,1 427 450 462 595 
Japan_003075.jpg,4 42 338 83 363 
Japan_002270.jpg,4 75 460 132 489 3 290 413 599 599 
Japan_005971.jpg,3 0 526 598 599 
Japan_007001.jpg,4 123 564 170 581 
Japan_010567.jpg,3 61 339 433 578 
Japan_000674.jpg,
Japan_011793.jpg,3 34 374 443 569 4 252 539 345 577 
Japan_013103.jpg,3 392 448 525 582 
Japan_006830.jpg,
Japan_007157.jpg,2 0 433 204 470 2 157 489 219 506 
Japan_007452.jpg,3 0 408 294 599 
Japan_000048.jpg,
Japan_010760.jpg,1 331 448 384 543 
Japan_009446.jpg,
Japan_001915.jpg,2 421 521 492 546 
Japan_008979.jpg,3 277 382 519 594 2 38 408 230 436 2 229 440 299 455 
Japan_003121.jpg,
Japan_002312.jpg,3 0 87 598 425 
Japan_002955.jpg,
Japan_000392.jpg,3 7 119 219 424 1 421 261 490 379 
Japan_012591.jpg,
Japan_008018.jpg,1 4 96 239 415 
Japan_003692.jpg,
Japan_006906.jpg,
Japan_004538.jpg,4 332 313 716 609 
Japan_003251.jpg,1 173 377 210 456 
Japan_004177.jpg,1 316 544 368 577 
Japan_005267.jpg,
Japan_007034.jpg,2 49 497 266 528 
Japan_009642.jpg,4 350 387 379 406 4 251 351 283 366 
Japan_002293.jpg,1 634 381 701 480 
Japan_008747.jpg,
Japan_002551.jpg,3 275 363 403 596 1 529 448 590 537 
Japan_003734.jpg,3 3 371 354 599 3 452 531 593 599 
Japan_001988.jpg,1 342 490 379 546 
Japan_003050.jpg,1 386 275 418 317 
Japan_005755.jpg,
Japan_007440.jpg,3 257 351 384 570 
Japan_012423.jpg,1 349 449 389 598 
Japan_005929.jpg,3 39 462 184 598 
Japan_000981.jpg,4 602 247 796 371 4 297 278 385 328 4 405 167 525 216 4 251 341 352 405 
Japan_001280.jpg,3 89 439 266 599 
Japan_006770.jpg,3 3 152 596 472 
Japan_003630.jpg,
Japan_006075.jpg,
Japan_009346.jpg,3 134 442 597 565 
Japan_005159.jpg,3 446 12 539 115 
Japan_000715.jpg,
Japan_004331.jpg,
Japan_011940.jpg,3 4 373 207 598 3 264 391 427 598 
Japan_002454.jpg,3 369 498 522 599 3 238 431 333 506 3 107 488 224 594 
Japan_003356.jpg,
Japan_010612.jpg,4 604 357 839 447 4 480 538 601 622 4 616 586 747 669 4 285 416 411 487 4 365 326 519 387 
Japan_000344.jpg,4 385 366 426 386 3 161 359 378 415 4 221 338 263 360 
Japan_010004.jpg,1 37 359 216 592 
Japan_012700.jpg,
Japan_000367.jpg,1 222 417 261 466 
Japan_009517.jpg,
Japan_011301.jpg,3 64 352 501 565 
Japan_004681.jpg,
Japan_010688.jpg,1 276 365 320 598 
Japan_001300.jpg,
Japan_004373.jpg,3 74 402 354 502 
Japan_008240.jpg,
Japan_004608.jpg,3 211 342 368 583 
Japan_006902.jpg,4 420 475 510 523 
Japan_011282.jpg,3 296 458 496 587 
Japan_009498.jpg,
Japan_012501.jpg,3 86 418 293 596 
Japan_002406.jpg,
Japan_003944.jpg,
Japan_001388.jpg,
Japan_000730.jpg,
Japan_008600.jpg,3 64 361 598 599 4 165 445 205 469 
Japan_006925.jpg,
Japan_012012.jpg,1 46 481 138 598 1 77 471 114 508 2 55 533 422 588 
Japan_010458.jpg,3 339 365 450 509 3 116 363 205 448 
Japan_010991.jpg,1 341 382 462 539 2 30 493 327 591 
Japan_002277.jpg,
Japan_001540.jpg,3 29 416 411 599 4 169 429 239 473 4 254 553 365 599 4 462 451 519 534 
Japan_012153.jpg,
Japan_001356.jpg,3 408 545 552 599 
Japan_010506.jpg,
Japan_001309.jpg,
Japan_010601.jpg,3 0 86 298 451 3 349 97 598 288 
Japan_010285.jpg,3 190 442 231 481 
Japan_010800.jpg,3 341 364 599 599 4 196 535 248 598 3 84 355 282 599 4 426 411 460 432 
Japan_001590.jpg,3 406 150 597 416 2 141 179 286 219 
Japan_001136.jpg,4 441 389 496 441 
Japan_008680.jpg,4 415 591 572 709 
Japan_011129.jpg,
Japan_002490.jpg,
Japan_011587.jpg,2 92 489 228 521 2 307 384 498 415 2 154 395 269 422 
Japan_003709.jpg,3 113 366 286 597 
Japan_000331.jpg,
Japan_009177.jpg,1 48 390 145 584 3 283 398 527 599 
Japan_005933.jpg,
Japan_010907.jpg,
Japan_011541.jpg,
Japan_012137.jpg,2 419 338 583 368 3 168 433 330 574 
Japan_003100.jpg,1 371 357 433 415 
Japan_004445.jpg,3 109 350 598 599 4 432 515 459 535 
Japan_007255.jpg,
Japan_010266.jpg,1 65 323 166 494 
Japan_012237.jpg,3 383 428 598 597 
Japan_003566.jpg,3 432 432 596 597 
Japan_010572.jpg,
Japan_010119.jpg,3 293 133 599 447 3 0 206 234 357 2 281 321 387 347 
Japan_005928.jpg,
Japan_009941.jpg,2 85 426 225 452 
Japan_011493.jpg,
Japan_003041.jpg,4 463 381 539 412 
Japan_001440.jpg,4 386 556 488 599 3 165 396 572 598 
Japan_004333.jpg,3 415 123 599 456 1 93 204 209 476 
Japan_001225.jpg,3 0 453 114 599 
Japan_003011.jpg,3 58 342 426 451 
Japan_001312.jpg,2 23 356 383 393 2 403 423 599 458 
Japan_001504.jpg,3 2 162 506 305 
Japan_011181.jpg,3 167 400 234 462 
Japan_011823.jpg,
Japan_009590.jpg,3 1 239 177 411 
Japan_005436.jpg,1 347 487 394 560 
Japan_008318.jpg,4 143 512 186 551 3 207 414 262 448 
Japan_005393.jpg,1 343 465 434 542 
Japan_011416.jpg,2 218 434 332 458 2 409 460 529 485 
Japan_001719.jpg,2 186 426 327 452 3 231 503 317 599 
Japan_009375.jpg,
Japan_010090.jpg,1 309 357 374 432 
Japan_001624.jpg,3 169 406 596 599 
Japan_009024.jpg,
Japan_009899.jpg,1 191 490 281 599 3 1 369 185 529 3 439 312 598 404 
Japan_011073.jpg,
Japan_012400.jpg,
Japan_006998.jpg,3 148 348 598 520 4 453 380 511 417 
Japan_003380.jpg,1 353 332 437 415 
Japan_012892.jpg,1 277 375 364 599 
Japan_000147.jpg,2 375 502 596 533 
Japan_011508.jpg,
Japan_012990.jpg,1 9 357 75 388 
Japan_010234.jpg,1 399 278 475 379 
Japan_004669.jpg,3 53 449 226 599 3 437 409 599 599 4 404 558 464 599 
Japan_002958.jpg,
Japan_010886.jpg,
Japan_012455.jpg,3 455 509 599 586 
Japan_000991.jpg,
Japan_004732.jpg,3 0 330 599 599 4 502 426 565 458 4 89 416 123 440 
Japan_001198.jpg,
Japan_004298.jpg,
Japan_003591.jpg,
Japan_009604.jpg,
Japan_001901.jpg,
Japan_003925.jpg,3 74 378 596 599 
Japan_011905.jpg,3 470 395 599 593 3 73 358 234 582 2 374 283 598 322 3 161 189 339 356 
Japan_011938.jpg,3 117 395 430 598 
Japan_001250.jpg,
Japan_012431.jpg,3 3 251 571 520 
Japan_005521.jpg,4 259 416 379 462 3 139 448 432 599 
Japan_010211.jpg,
Japan_009649.jpg,3 0 400 590 599 
Japan_009636.jpg,3 190 379 599 599 
Japan_004278.jpg,
Japan_001324.jpg,1 110 87 186 211 
Japan_002531.jpg,1 65 493 319 599 
Japan_005101.jpg,
Japan_012408.jpg,2 251 426 366 452 2 194 457 485 511 2 1 494 391 569 3 275 322 323 360 
Japan_011097.jpg,3 79 446 175 525 
Japan_006382.jpg,
Japan_008786.jpg,3 100 429 599 599 
Japan_001837.jpg,
Japan_000591.jpg,3 341 69 497 426 
Japan_000988.jpg,
Japan_005614.jpg,3 41 334 342 590 
Japan_004051.jpg,3 49 341 120 392 
Japan_000957.jpg,
Japan_006490.jpg,1 107 439 274 571 
Japan_007896.jpg,3 11 372 571 598 
Japan_003348.jpg,
Japan_001852.jpg,4 510 276 651 365 
Japan_007569.jpg,3 197 342 421 597 
Japan_005662.jpg,3 0 108 539 538 
Japan_000928.jpg,
Japan_002112.jpg,1 325 268 421 394 1 439 275 490 307 
Japan_012736.jpg,3 25 419 162 597 
Japan_003017.jpg,
Japan_002791.jpg,3 181 396 589 598 
Japan_007122.jpg,3 39 368 583 599 4 358 526 400 561 
Japan_012844.jpg,
Japan_012771.jpg,3 105 349 596 573 
Japan_009894.jpg,
Japan_010641.jpg,3 106 438 295 596 1 335 482 407 598 
Japan_000351.jpg,3 12 97 309 428 
Japan_002036.jpg,
Japan_009003.jpg,1 345 468 398 539 1 144 495 178 551 
Japan_002784.jpg,4 437 721 483 751 
Japan_006141.jpg,
Japan_000905.jpg,3 77 341 257 596 2 230 494 327 521 
Japan_010233.jpg,3 315 350 549 599 
Japan_012060.jpg,4 400 353 460 380 
Japan_002630.jpg,3 147 467 244 572 
Japan_009978.jpg,3 236 366 411 423 
Japan_005551.jpg,3 2 386 198 592 
Japan_000944.jpg,4 216 476 271 501 
Japan_003982.jpg,3 365 356 573 560 
Japan_012132.jpg,
Japan_012721.jpg,1 232 362 274 455 
Japan_004240.jpg,1 245 294 296 460 
Japan_009348.jpg,
Japan_002461.jpg,3 242 433 454 591 2 0 530 105 561 
Japan_008984.jpg,
Japan_011985.jpg,1 249 511 297 599 
Japan_000830.jpg,
Japan_009771.jpg,3 497 395 599 478 
Japan_002019.jpg,3 148 472 593 598 
Japan_000078.jpg,4 392 458 454 483 
Japan_006960.jpg,3 218 350 598 581 
Japan_003028.jpg,
Japan_002322.jpg,
Japan_003749.jpg,3 1 372 598 598 
Japan_005415.jpg,1 346 408 404 462 
Japan_009782.jpg,3 27 398 598 599 4 386 511 428 542 4 202 515 224 530 
Japan_010523.jpg,4 323 356 358 375 3 428 414 598 590 
Japan_005116.jpg,1 104 563 143 599 1 302 409 338 502 2 171 472 327 498 
Japan_010969.jpg,
Japan_010554.jpg,4 479 400 525 439 4 167 500 264 545 
Japan_001353.jpg,
Japan_000906.jpg,3 82 421 223 595 
Japan_006119.jpg,3 17 247 211 433 
Japan_004414.jpg,4 318 416 358 435 
Japan_004879.jpg,
Japan_007578.jpg,3 0 425 1022 1014 4 339 711 741 956 3 721 0 1021 104 
Japan_003501.jpg,3 252 415 506 599 1 151 430 189 474 
Japan_004806.jpg,
Japan_003617.jpg,1 236 350 304 456 
Japan_010678.jpg,3 0 416 418 591 
Japan_002828.jpg,
Japan_007494.jpg,
Japan_012412.jpg,
Japan_010409.jpg,4 98 457 131 474 
Japan_007596.jpg,3 299 327 470 566 
Japan_005280.jpg,4 301 726 484 929 
Japan_007125.jpg,
Japan_007838.jpg,
Japan_005133.jpg,
Japan_005272.jpg,
Japan_009332.jpg,
Japan_011214.jpg,3 0 363 599 510 
Japan_001316.jpg,4 419 396 544 435 
Japan_000347.jpg,
Japan_012211.jpg,3 0 24 524 401 
Japan_007694.jpg,4 387 514 513 599 
Japan_010752.jpg,
Japan_005736.jpg,1 401 469 485 598 
Japan_000109.jpg,3 117 341 218 458 
Japan_003526.jpg,1 448 523 517 599 
Japan_005048.jpg,3 162 459 599 599 
Japan_011776.jpg,3 39 357 452 599 
Japan_007115.jpg,1 429 499 494 576 
Japan_007548.jpg,3 68 513 310 599 4 196 543 230 574 
Japan_004505.jpg,
Japan_009616.jpg,
Japan_005704.jpg,
Japan_008125.jpg,3 61 358 595 596 
Japan_006159.jpg,3 3 408 592 583 
Japan_005914.jpg,1 150 402 203 498 1 241 384 339 486 
Japan_009653.jpg,1 431 367 585 597 2 171 306 308 330 2 301 422 599 476 
Japan_012138.jpg,3 145 496 211 571 
Japan_002583.jpg,
Japan_010474.jpg,
Japan_008729.jpg,1 39 394 97 460 
Japan_005664.jpg,
Japan_008014.jpg,
Japan_003616.jpg,3 200 287 598 568 
Japan_009576.jpg,3 384 362 599 573 
Japan_000572.jpg,4 303 477 362 516 4 418 465 477 493 
Japan_008086.jpg,3 1 399 249 599 
Japan_008821.jpg,3 0 438 173 565 
Japan_006165.jpg,3 273 416 449 488 
Japan_000618.jpg,
Japan_012654.jpg,
Japan_011018.jpg,1 266 373 446 597 
Japan_005709.jpg,3 24 315 342 548 
Japan_006618.jpg,
Japan_006858.jpg,3 303 322 354 394 3 20 336 205 487 
Japan_000614.jpg,3 91 373 599 598 4 519 485 586 529 
Japan_002659.jpg,3 286 379 514 598 3 53 367 241 598 
Japan_010094.jpg,4 69 496 184 569 3 157 394 599 599 4 251 393 298 415 
Japan_012525.jpg,1 367 326 438 399 1 168 340 199 400 1 208 328 236 400 
Japan_004644.jpg,3 136 333 466 519 
Japan_000248.jpg,
Japan_008456.jpg,3 414 348 599 599 
Japan_011613.jpg,3 127 481 474 599 3 289 367 356 436 
Japan_008897.jpg,4 1 481 40 516 4 78 395 125 428 3 239 378 457 568 
Japan_002449.jpg,
Japan_004860.jpg,
Japan_012292.jpg,2 474 152 554 173 2 550 242 599 271 
Japan_012586.jpg,
Japan_008626.jpg,
Japan_002304.jpg,3 452 495 593 576 
Japan_011651.jpg,4 184 421 227 441 4 106 468 169 494 3 201 420 352 506 
Japan_006977.jpg,3 130 530 367 584 
Japan_005224.jpg,
Japan_008244.jpg,
Japan_008153.jpg,
Japan_008499.jpg,3 417 407 574 595 3 194 386 304 501 
Japan_007700.jpg,4 258 431 295 449 4 240 452 272 478 
Japan_009304.jpg,3 155 369 476 594 2 21 550 214 584 
Japan_008285.jpg,
Japan_005934.jpg,3 254 423 432 598 2 37 509 253 550 
Japan_010820.jpg,
Japan_000870.jpg,4 407 264 615 413 
Japan_008350.jpg,2 83 474 268 510 
Japan_008812.jpg,3 335 495 599 599 
Japan_012906.jpg,
Japan_001260.jpg,1 269 376 374 597 1 426 371 477 426 
Japan_009589.jpg,3 42 376 100 414 
Japan_010369.jpg,3 16 155 248 375 
Japan_010394.jpg,
Japan_009155.jpg,4 275 568 337 599 
Japan_002927.jpg,3 84 428 475 598 
Japan_001945.jpg,3 227 321 429 558 
Japan_004934.jpg,3 2 432 149 594 
Japan_008537.jpg,3 390 406 585 594 3 79 374 297 585 
Japan_001476.jpg,3 274 341 582 596 
Japan_000542.jpg,
Japan_005287.jpg,
Japan_001404.jpg,
Japan_004523.jpg,
Japan_010198.jpg,1 303 428 392 597 2 373 520 557 551 
Japan_004671.jpg,1 10 221 126 551 
Japan_010308.jpg,1 391 366 436 401 
Japan_002249.jpg,
Japan_012905.jpg,4 331 575 400 599 
Japan_009639.jpg,3 57 308 599 598 
Japan_008847.jpg,4 469 480 510 511 
Japan_006546.jpg,3 218 404 414 598 
Japan_007428.jpg,3 2 50 474 422 
Japan_003511.jpg,3 357 446 599 599 
Japan_006735.jpg,
Japan_006762.jpg,
Japan_000553.jpg,
Japan_010247.jpg,1 364 477 377 503 
Japan_005809.jpg,4 95 477 154 513 
Japan_011673.jpg,4 266 202 596 322 
Japan_000968.jpg,
Japan_011272.jpg,3 141 345 301 504 2 382 397 510 418 
Japan_011537.jpg,3 446 389 599 512 
Japan_003788.jpg,1 247 510 286 589 
Japan_009071.jpg,3 0 32 539 531 
Japan_000525.jpg,2 286 497 354 514 
Japan_004142.jpg,
Japan_004089.jpg,3 234 340 599 599 
Japan_008194.jpg,1 470 148 533 227 3 135 202 234 296 2 199 281 598 355 
Japan_009276.jpg,
Japan_012847.jpg,
Japan_005786.jpg,4 523 122 568 150 
Japan_002540.jpg,4 310 479 359 511 4 3 573 147 599 
Japan_007332.jpg,
Japan_008768.jpg,3 23 468 280 599 
Japan_006672.jpg,2 123 199 598 261 2 155 295 383 418 1 479 79 598 140 
Japan_007901.jpg,4 73 348 525 918 4 585 434 802 582 
Japan_002834.jpg,2 242 404 443 440 
Japan_008918.jpg,3 367 461 599 595 
Japan_007892.jpg,
Japan_006291.jpg,3 319 411 451 583 2 44 560 261 595 
Japan_011151.jpg,
Japan_007913.jpg,3 98 364 599 598 
Japan_012235.jpg,3 0 426 187 598 2 179 504 343 538 
Japan_010012.jpg,1 122 445 203 554 3 324 455 443 525 
Japan_005094.jpg,
Japan_012018.jpg,1 231 343 301 587 
Japan_006401.jpg,3 350 417 423 443 2 232 365 350 384 
Japan_010461.jpg,
Japan_009286.jpg,3 88 392 217 598 2 312 553 495 583 
Japan_006857.jpg,
Japan_006871.jpg,
Japan_004859.jpg,3 0 320 351 472 4 90 350 173 381 3 148 518 492 599 
Japan_002702.jpg,2 450 290 599 319 
Japan_003737.jpg,3 180 399 593 598 
Japan_002262.jpg,
Japan_004785.jpg,1 0 435 112 558 
Japan_010074.jpg,1 260 442 289 527 
Japan_004312.jpg,3 315 401 599 599 3 75 411 203 501 4 495 503 592 543 
Japan_011561.jpg,3 364 160 598 329 2 274 226 384 253 
Japan_001056.jpg,
Japan_004010.jpg,2 408 529 591 561 3 363 500 414 558 
Japan_008180.jpg,3 86 382 530 599 
Japan_009062.jpg,
Japan_013018.jpg,3 17 175 358 459 
Japan_007435.jpg,
Japan_001801.jpg,3 0 407 599 598 
Japan_011827.jpg,
Japan_001906.jpg,
Japan_011667.jpg,2 51 246 474 282 
Japan_008861.jpg,3 0 468 348 599 2 339 452 507 479 
Japan_001368.jpg,
Japan_000055.jpg,
Japan_011012.jpg,
Japan_000206.jpg,2 2 239 597 294 
Japan_004305.jpg,3 436 368 599 543 
Japan_011107.jpg,1 426 428 561 532 
Japan_012394.jpg,3 387 538 476 596 
Japan_005539.jpg,3 0 351 539 539 3 297 115 539 338 
Japan_001234.jpg,1 414 297 470 408 2 122 255 372 295 
Japan_000995.jpg,4 351 488 395 517 
Japan_000904.jpg,
Japan_010803.jpg,3 16 357 273 599 3 317 407 558 599 
Japan_001762.jpg,3 187 435 319 531 
Japan_012274.jpg,1 134 458 187 598 
Japan_009385.jpg,
Japan_006768.jpg,3 46 91 599 489 
Japan_012690.jpg,
Japan_004233.jpg,
Japan_002722.jpg,
Japan_001070.jpg,
Japan_003953.jpg,3 349 412 527 589 
Japan_002126.jpg,3 3 333 318 441 4 222 414 337 449 
Japan_005767.jpg,3 11 425 594 599 
Japan_009010.jpg,
Japan_004762.jpg,
Japan_000527.jpg,3 355 396 591 597 
Japan_008377.jpg,3 357 423 595 599 3 296 370 456 429 
Japan_004084.jpg,3 27 362 418 594 
Japan_011954.jpg,3 172 329 360 598 
Japan_007590.jpg,3 113 401 581 599 
Japan_001340.jpg,
Japan_001711.jpg,4 429 503 486 543 
Japan_006308.jpg,1 367 498 467 599 
Japan_012033.jpg,
Japan_010715.jpg,
Japan_004546.jpg,3 231 369 421 565 4 504 445 599 558 
Japan_007893.jpg,
Japan_003504.jpg,
Japan_003184.jpg,3 154 333 434 424 
Japan_008162.jpg,3 183 402 577 599 
Japan_007687.jpg,1 444 237 556 376 2 166 223 356 257 
Japan_001816.jpg,
Japan_008468.jpg,
Japan_000047.jpg,3 141 416 328 598 3 404 422 597 595 
Japan_009921.jpg,3 6 79 303 404 2 465 344 578 373 1 528 220 598 397 
Japan_006859.jpg,1 435 192 583 373 2 340 387 573 432 
Japan_010970.jpg,3 265 355 593 597 
Japan_005090.jpg,
Japan_012959.jpg,
Japan_002975.jpg,
Japan_006451.jpg,4 191 448 290 496 4 143 415 183 448 
Japan_002628.jpg,
Japan_004943.jpg,
