Norway_008660.jpg,
Norway_009614.jpg,
Norway_009898.jpg,
Norway_009533.jpg,
Norway_009331.jpg,1 137 1502 461 1680 
Norway_008641.jpg,1 203 1240 1005 1626 1 1545 1587 1794 2037 
Norway_008652.jpg,
Norway_009922.jpg,
Norway_009345.jpg,
Norway_009321.jpg,
Norway_009793.jpg,
Norway_009632.jpg,
Norway_009092.jpg,
Norway_008884.jpg,
Norway_009142.jpg,1 1204 1202 1289 1304 1 729 1036 769 1092 2 1283 1326 1428 1347 
Norway_008599.jpg,
Norway_009348.jpg,
Norway_010008.jpg,
Norway_009929.jpg,4 1486 1755 1727 2034 
Norway_008952.jpg,1 1520 1309 1595 1577 1 1528 1153 1621 1312 
Norway_009513.jpg,1 1935 1773 2068 2033 
Norway_009933.jpg,1 1770 1540 2126 2036 1 1574 1212 1607 1258 
Norway_008895.jpg,
Norway_009673.jpg,2 1 1767 2096 1882 
Norway_009197.jpg,4 516 1798 749 2027 2 760 1457 1151 1493 
Norway_008898.jpg,
Norway_009492.jpg,1 172 1429 721 1743 1 801 1275 1029 1423 
Norway_008786.jpg,1 1408 1251 1435 1282 1 1597 1476 1640 1578 1 1530 1407 1639 1576 1 443 1386 524 1429 1 1447 1601 1510 1683 
Norway_008938.jpg,
Norway_009699.jpg,
Norway_009462.jpg,
Norway_009736.jpg,1 1661 1454 2059 1957 
Norway_008260.jpg,
Norway_009422.jpg,1 1649 1381 2118 2029 
Norway_008360.jpg,2 302 1300 910 1369 
Norway_008781.jpg,
Norway_009593.jpg,1 1040 1353 1082 1439 
Norway_008320.jpg,
Norway_009681.jpg,
Norway_010018.jpg,
Norway_009438.jpg,1 1498 1759 1555 1954 
Norway_010035.jpg,1 299 1183 1284 2013 
Norway_009942.jpg,
Norway_009193.jpg,
Norway_009310.jpg,
Norway_010117.jpg,
Norway_009995.jpg,
Norway_008594.jpg,1 1211 1539 1387 1830 1 1622 1358 1792 1579 
Norway_008257.jpg,
Norway_008359.jpg,
Norway_009150.jpg,
Norway_010105.jpg,
Norway_008802.jpg,
Norway_008817.jpg,1 570 1296 720 1352 1 794 1280 961 1334 
Norway_009381.jpg,
Norway_010182.jpg,1 5 1111 826 1466 
Norway_009175.jpg,3 1388 1355 1715 2017 1 581 1397 720 1469 1 2046 1788 2185 2026 1 814 1479 983 1602 1 1280 1360 1379 1558 1 873 1336 951 1378 
Norway_009902.jpg,1 855 1120 932 1181 
Norway_008662.jpg,
Norway_009058.jpg,
Norway_009173.jpg,
Norway_008676.jpg,
Norway_010164.jpg,
Norway_008179.jpg,1 1 1663 200 1844 1 758 1198 1022 1317 1 1644 1311 1695 1392 
Norway_010019.jpg,
Norway_008886.jpg,
Norway_009419.jpg,4 1312 1365 1360 1386 
Norway_009571.jpg,
Norway_009616.jpg,
Norway_008216.jpg,
Norway_008730.jpg,1 4 1444 558 1715 2 0 1806 1377 1903 1 1631 1407 1698 1495 1 1516 1192 1664 1329 1 2009 1842 2108 2035 
Norway_009682.jpg,
Norway_009991.jpg,
Norway_008693.jpg,
Norway_009689.jpg,1 1094 1211 1224 1346 
Norway_009560.jpg,
Norway_009055.jpg,
Norway_008716.jpg,1 1364 1197 1441 1849 
Norway_008563.jpg,1 1537 1178 1601 1287 1 1624 1375 1744 1501 1 1809 1370 1959 1508 1 1887 1755 2021 2038 
Norway_010181.jpg,
Norway_008728.jpg,1 637 1573 717 1680 
Norway_010174.jpg,
Norway_008725.jpg,1 499 1341 801 1493 1 1598 1240 1706 1446 1 228 1533 392 1625 1 1510 1387 1602 1476 1 381 1915 512 2039 1 1785 1473 1945 2037 
Norway_010195.jpg,
Norway_009903.jpg,
Norway_008378.jpg,
Norway_008267.jpg,
Norway_009704.jpg,
Norway_009442.jpg,1 1016 1363 1205 1611 1 1746 1283 1819 1334 1 1655 1235 1711 1299 
Norway_009489.jpg,
Norway_008545.jpg,
Norway_008202.jpg,2 704 1717 1160 1757 1 81 1542 755 2015 
Norway_009986.jpg,
Norway_009625.jpg,2 513 1564 1055 1887 1 144 1604 302 1707 2 1229 1610 2201 1953 
Norway_008467.jpg,
Norway_008351.jpg,
Norway_008706.jpg,
Norway_009043.jpg,
Norway_009547.jpg,1 751 1429 920 1535 1 231 1552 585 1828 1 1048 1254 1095 1297 1 1183 1650 1290 2038 2 1216 1879 1423 1917 2 747 1631 928 1658 1 222 1382 449 1496 2 1297 1546 1692 1582 1 428 1324 640 1417 
Norway_009271.jpg,
Norway_009806.jpg,
Norway_010148.jpg,1 28 1627 742 2031 1 622 1457 868 1585 
Norway_010061.jpg,4 571 1866 727 2009 4 767 1870 866 1935 4 668 1818 761 1868 
Norway_009073.jpg,
Norway_008947.jpg,
Norway_008975.jpg,2 885 1422 1053 1466 
Norway_008343.jpg,
Norway_008463.jpg,1 445 1880 514 1973 
Norway_008686.jpg,1 502 1290 765 1407 
Norway_009024.jpg,
Norway_008390.jpg,
Norway_008429.jpg,
Norway_009145.jpg,
Norway_009737.jpg,1 1641 1580 1795 2036 1 862 1431 1288 2032 1 1326 1371 1375 1445 1 794 1361 1074 1593 
Norway_008268.jpg,2 6 1704 1473 1906 
Norway_009668.jpg,
Norway_008206.jpg,
Norway_009724.jpg,
Norway_008809.jpg,1 2097 1533 2759 2033 1 1827 1325 2045 1555 
Norway_008565.jpg,1 498 1554 628 1735 1 660 1406 727 1509 
Norway_008514.jpg,1 1713 1428 1863 1693 1 311 1474 688 1682 
Norway_008324.jpg,
Norway_008547.jpg,
Norway_009287.jpg,2 486 1520 726 1547 3 724 1424 952 1579 2 1051 1843 1288 1891 
Norway_008611.jpg,
Norway_009434.jpg,1 1597 1757 1707 2036 
Norway_008776.jpg,1 180 1428 620 1679 
Norway_009112.jpg,
Norway_009746.jpg,1 1143 1416 1268 1824 
Norway_008523.jpg,
Norway_008783.jpg,
Norway_008949.jpg,1 946 1173 1018 1303 1 787 1437 948 1601 
Norway_009537.jpg,
Norway_009641.jpg,1 512 1289 846 1464 1 1 1550 335 1722 1 1505 1141 1577 1385 1 601 1578 970 2034 1 242 1452 447 1563 1 911 1147 1162 1285 
Norway_008580.jpg,1 955 1166 1057 1214 1 740 1249 853 1323 1 1468 1208 1528 1274 1 1325 1532 1426 1792 
Norway_008195.jpg,3 478 1498 1283 2035 3 1214 1248 1423 1479 
Norway_008617.jpg,
Norway_009816.jpg,
Norway_010071.jpg,
Norway_009701.jpg,1 1428 1874 1511 2040 1 1474 1715 1526 1849 1 476 1769 669 2036 
Norway_009252.jpg,
Norway_008737.jpg,
Norway_010095.jpg,
Norway_009921.jpg,
Norway_009185.jpg,
Norway_008767.jpg,
Norway_009775.jpg,1 806 1215 1194 1455 1 1632 1518 1721 1896 2 1166 1663 1644 1723 1 1709 1281 1807 1411 1 1553 1145 1641 1461 1 1697 1348 1725 1441 2 1296 1548 1640 1590 
Norway_010134.jpg,
Norway_010165.jpg,1 976 1357 1114 2028 
Norway_009324.jpg,
Norway_010089.jpg,
Norway_008313.jpg,1 1120 1164 1442 1574 1 760 1274 1059 1456 
Norway_009047.jpg,
Norway_008212.jpg,1 276 1815 539 2035 
Norway_008362.jpg,
Norway_009773.jpg,1 1694 1369 1779 1532 1 467 1568 674 1692 
Norway_008670.jpg,
Norway_009797.jpg,
Norway_008980.jpg,
Norway_009288.jpg,
Norway_008942.jpg,
Norway_010112.jpg,
Norway_009771.jpg,
Norway_009245.jpg,
Norway_008486.jpg,
Norway_009799.jpg,
Norway_008258.jpg,
Norway_008687.jpg,1 1424 1338 2006 2022 
Norway_008645.jpg,
Norway_009653.jpg,
Norway_008445.jpg,
Norway_010125.jpg,
Norway_009718.jpg,
Norway_008546.jpg,3 1530 1133 1672 1334 1 1672 1392 1718 1447 
Norway_010157.jpg,1 1544 1173 1598 1310 
Norway_009081.jpg,
Norway_009541.jpg,
Norway_008409.jpg,1 996 1451 1130 1628 
Norway_008943.jpg,
Norway_008310.jpg,
Norway_008788.jpg,
Norway_008853.jpg,
Norway_009130.jpg,1 1611 1397 2339 2023 
Norway_009411.jpg,1 185 1744 558 2032 1 3 1460 500 1717 1 1571 1553 1727 1808 1 1039 1822 1144 2037 1 1516 1756 1635 2037 
Norway_010170.jpg,
Norway_008205.jpg,
Norway_009021.jpg,3 1466 1222 1837 2028 1 650 1475 1006 1838 1 1058 1306 1157 1408 2 1875 1902 2260 2036 
Norway_008916.jpg,
Norway_010047.jpg,
Norway_009978.jpg,
Norway_008878.jpg,
Norway_009234.jpg,1 1370 1234 1467 1363 
Norway_009698.jpg,
Norway_009056.jpg,4 968 1435 1129 1481 
Norway_008511.jpg,
Norway_008314.jpg,4 1656 1260 1807 1316 1 461 1807 680 2012 
Norway_009592.jpg,
Norway_008625.jpg,1 1498 1374 1570 1714 
Norway_009983.jpg,
Norway_009416.jpg,
Norway_009756.jpg,1 148 1384 399 1524 
Norway_009274.jpg,
Norway_009562.jpg,
Norway_009607.jpg,1 588 1625 883 1961 1 1415 1114 1627 1373 1 1542 1749 1708 2037 
Norway_008469.jpg,
Norway_010025.jpg,
Norway_009205.jpg,
Norway_009362.jpg,1 0 1265 527 1497 
Norway_010013.jpg,1 1087 1318 1526 2021 1 1232 1220 1287 1296 
Norway_009935.jpg,
Norway_009183.jpg,
Norway_009495.jpg,
Norway_009426.jpg,1 1646 1801 1737 2036 
Norway_008969.jpg,4 1416 1641 1718 1736 
Norway_009572.jpg,
Norway_009123.jpg,
Norway_009282.jpg,
Norway_008860.jpg,1 647 1699 943 2005 
Norway_009845.jpg,
Norway_008862.jpg,
Norway_009256.jpg,1 1393 1227 2123 2010 
Norway_009215.jpg,1 1 1330 1098 1772 
Norway_008279.jpg,
Norway_008851.jpg,
Norway_009527.jpg,
Norway_009408.jpg,1 319 1425 1083 2031 
Norway_009203.jpg,
Norway_008755.jpg,1 1334 1162 1464 1253 2 1457 1246 1694 1286 1 1264 1221 1337 1269 
Norway_009414.jpg,
Norway_008553.jpg,
Norway_009877.jpg,
Norway_009520.jpg,
Norway_008401.jpg,
Norway_009080.jpg,1 1 1231 641 1538 1 707 1104 975 1207 
Norway_008226.jpg,
Norway_009856.jpg,
Norway_008476.jpg,1 1778 1435 1954 1640 
Norway_010177.jpg,1 1078 1482 1178 1630 1 5 1512 634 1972 1 762 1751 905 1935 1 578 1571 665 1657 1 617 1948 728 2038 1 1085 1611 1170 1838 
Norway_008843.jpg,
Norway_008391.jpg,
Norway_009382.jpg,
Norway_010169.jpg,
Norway_009599.jpg,
Norway_008392.jpg,
Norway_009413.jpg,
Norway_009045.jpg,
Norway_009755.jpg,3 356 1540 974 2030 1 1006 1334 1120 1445 2 1 1777 501 1845 
Norway_009309.jpg,1 1111 1768 1270 1960 1 1344 1589 1530 1804 1 1616 1519 1651 1609 1 1524 1384 1579 1486 1 1466 1363 1507 1411 1 1708 1360 1767 1438 1 3 1640 80 1718 
Norway_009204.jpg,
Norway_009671.jpg,
Norway_010049.jpg,
Norway_009398.jpg,
Norway_009164.jpg,
Norway_009068.jpg,
Norway_009518.jpg,
Norway_008488.jpg,1 617 1105 1233 1390 1 1539 1071 1627 1278 1 1479 1320 1579 1570 1 1446 1570 1582 1820 1 1202 1273 1350 1590 1 1430 1116 1486 1195 
Norway_009528.jpg,1 1436 1645 1635 1925 1 1431 1917 1518 2038 
Norway_009964.jpg,
Norway_008495.jpg,
Norway_009358.jpg,3 1231 1325 1716 2031 1 322 1449 647 1619 1 2 1442 353 1626 1 929 1931 1050 2036 
Norway_010085.jpg,
Norway_010109.jpg,
Norway_009731.jpg,
Norway_009032.jpg,
Norway_008512.jpg,2 2 1668 1840 1879 
Norway_008624.jpg,
Norway_010016.jpg,
Norway_010146.jpg,
Norway_008744.jpg,
Norway_008404.jpg,1 6 1115 1142 1875 1 1026 1259 1333 2035 1 1002 1474 1137 1687 1 1187 1302 1240 1374 
Norway_009767.jpg,
Norway_008811.jpg,
Norway_008650.jpg,1 1221 1632 1398 2038 1 1458 1527 1530 1653 1 1539 1887 1630 2039 1 1 1631 244 1745 1 1583 1252 1763 1926 1 1472 1230 1527 1363 1 1503 1346 1544 1493 
Norway_009311.jpg,2 387 1441 1470 1610 
Norway_008431.jpg,
Norway_009694.jpg,
Norway_008455.jpg,1 1019 1473 1361 2036 1 936 1158 1198 1236 
Norway_008979.jpg,
Norway_008500.jpg,
Norway_008772.jpg,
Norway_008720.jpg,
Norway_009054.jpg,
Norway_008922.jpg,
Norway_009540.jpg,
Norway_009487.jpg,
Norway_010023.jpg,
Norway_008326.jpg,1 1342 1312 1394 1393 1 1419 1267 1469 1340 1 1436 1354 1530 1524 1 767 1258 1084 1354 1 1672 1513 1893 1951 1 1464 1238 1505 1273 1 1833 1958 1892 2040 
Norway_008636.jpg,
Norway_008926.jpg,
Norway_009515.jpg,1 603 1409 806 1566 
Norway_008828.jpg,1 1354 1181 1405 1266 
Norway_009131.jpg,
Norway_009786.jpg,
Norway_008574.jpg,
Norway_008932.jpg,
Norway_009923.jpg,
Norway_008561.jpg,
Norway_009608.jpg,
Norway_009065.jpg,2 2 1869 364 1935 1 665 1304 970 1461 2 545 1529 1251 1582 
Norway_009260.jpg,1 698 1586 977 1894 3 1612 1207 1775 1524 
Norway_009594.jpg,
Norway_009238.jpg,1 892 1220 983 1266 
Norway_009905.jpg,1 1206 1291 1362 1554 
Norway_008603.jpg,1 1477 1407 1549 1619 
Norway_009980.jpg,1 1687 1855 1813 2039 1 1407 1462 1441 1539 
Norway_010044.jpg,
Norway_008185.jpg,
Norway_009525.jpg,
Norway_009748.jpg,
Norway_009795.jpg,2 318 1501 1228 1574 
Norway_010020.jpg,
Norway_009649.jpg,1 1706 1710 1810 1914 1 1586 1803 1698 2035 
Norway_008976.jpg,
Norway_009645.jpg,
Norway_009637.jpg,
Norway_010141.jpg,
Norway_008928.jpg,1 2 1167 1017 1647 1 2282 1844 2490 2002 
Norway_009242.jpg,
Norway_008598.jpg,1 1596 1412 2169 2021 
Norway_008471.jpg,
Norway_009503.jpg,
Norway_008930.jpg,4 636 1636 721 1679 
Norway_008538.jpg,
Norway_010179.jpg,
Norway_009829.jpg,1 1623 1501 1764 2024 1 1522 1204 1601 1519 
Norway_009742.jpg,
Norway_009125.jpg,2 1910 1816 2320 1896 
Norway_010005.jpg,
Norway_008923.jpg,
Norway_008732.jpg,
Norway_008246.jpg,
Norway_009916.jpg,
Norway_008175.jpg,
Norway_008567.jpg,
Norway_008994.jpg,1 1236 1084 1922 2027 
Norway_008352.jpg,
Norway_009001.jpg,
Norway_008612.jpg,
Norway_009177.jpg,
Norway_008426.jpg,
Norway_009886.jpg,
Norway_008272.jpg,
Norway_009226.jpg,
Norway_009225.jpg,
Norway_008691.jpg,
Norway_009490.jpg,
Norway_009355.jpg,
Norway_008800.jpg,
Norway_010123.jpg,3 1225 1473 1821 2027 
Norway_009580.jpg,
Norway_009403.jpg,
Norway_010011.jpg,
Norway_008423.jpg,1 1508 1148 1997 2033 
Norway_008228.jpg,
Norway_009659.jpg,
Norway_009336.jpg,
Norway_009167.jpg,
Norway_009842.jpg,1 1 1408 595 1682 1 673 1301 847 1403 1 1540 1322 1642 1444 1 1674 1439 1761 1642 
Norway_008410.jpg,
Norway_009918.jpg,
Norway_009785.jpg,
Norway_008388.jpg,1 1 1677 507 2033 1 1454 1799 1580 2037 1 643 1569 871 1844 
Norway_009962.jpg,2 0 1523 532 1708 
Norway_008198.jpg,
Norway_009955.jpg,
Norway_009981.jpg,
Norway_008452.jpg,1 1599 1254 2178 2029 
Norway_009002.jpg,
Norway_008436.jpg,
Norway_008544.jpg,1 1769 1091 1826 1650 
Norway_009356.jpg,
Norway_008321.jpg,
Norway_008913.jpg,3 1719 1319 2503 2033 2 270 1890 1802 1957 
Norway_008698.jpg,
Norway_008799.jpg,
Norway_009937.jpg,
Norway_009107.jpg,2 957 1498 2123 1808 1 1467 1112 1541 1255 
Norway_008717.jpg,1 1005 1174 1350 1444 
Norway_009695.jpg,2 480 1801 1051 2012 
Norway_010064.jpg,
Norway_009466.jpg,
Norway_009960.jpg,1 1046 1266 1321 1504 
Norway_010121.jpg,1 499 1217 1079 1547 1 1305 1192 1384 1280 
Norway_008405.jpg,
Norway_009011.jpg,1 1 1656 385 1889 
Norway_009693.jpg,
Norway_009636.jpg,
Norway_008936.jpg,
Norway_009352.jpg,
Norway_008200.jpg,
Norway_008961.jpg,
Norway_009910.jpg,
Norway_009836.jpg,
Norway_008497.jpg,
Norway_009364.jpg,
Norway_009534.jpg,
Norway_008742.jpg,
Norway_009656.jpg,1 1217 1711 1284 1937 
Norway_008773.jpg,
Norway_008653.jpg,1 1315 1123 1359 1240 1 1529 1286 1753 1499 1 1 1226 622 1508 1 703 1104 955 1216 2 1165 1363 1385 1388 1 1384 1242 1508 1475 1 1339 1260 1374 1371 1 1408 1475 1489 1606 
Norway_009268.jpg,1 1008 1907 1101 2037 
Norway_009893.jpg,
Norway_009178.jpg,
Norway_008345.jpg,
Norway_009228.jpg,
Norway_009149.jpg,2 577 1526 2031 1771 
Norway_009714.jpg,
Norway_010172.jpg,
Norway_009654.jpg,
Norway_009441.jpg,1 1 1180 554 1467 
Norway_008663.jpg,1 850 1886 1007 2037 1 499 1460 701 1556 1 1383 1478 1468 1658 1 1387 1866 1445 2038 2 708 1703 1261 1764 
Norway_008815.jpg,1 1255 1089 1475 1466 
Norway_009502.jpg,
Norway_009258.jpg,
Norway_008439.jpg,
Norway_008674.jpg,
Norway_008768.jpg,
Norway_009386.jpg,
Norway_009997.jpg,
Norway_008305.jpg,
Norway_008628.jpg,
Norway_008837.jpg,
Norway_009286.jpg,
Norway_010166.jpg,
Norway_008857.jpg,
Norway_009133.jpg,
Norway_009459.jpg,1 1710 1551 2092 2029 
Norway_008428.jpg,1 1927 1735 2176 1978 1 1626 1559 1671 1646 
Norway_008251.jpg,
Norway_009229.jpg,
Norway_008882.jpg,
Norway_008183.jpg,
Norway_008277.jpg,
Norway_008761.jpg,
Norway_010154.jpg,
Norway_008485.jpg,
Norway_009041.jpg,
Norway_008245.jpg,
Norway_008647.jpg,
Norway_009568.jpg,3 1509 1269 2136 2033 
Norway_008661.jpg,1 1525 1309 1807 1583 
Norway_009974.jpg,
Norway_009033.jpg,
Norway_009340.jpg,1 1699 1426 1743 1491 2 1555 1494 2002 1681 1 545 1372 1211 2031 1 755 1788 910 2029 
Norway_008451.jpg,
Norway_009074.jpg,
Norway_009697.jpg,1 1197 1489 1258 1727 
Norway_008643.jpg,
Norway_009139.jpg,
Norway_009392.jpg,
Norway_008836.jpg,
Norway_009894.jpg,
Norway_009543.jpg,
Norway_008425.jpg,
Norway_008672.jpg,
Norway_009772.jpg,1 6 1551 464 1773 
Norway_009676.jpg,
Norway_009870.jpg,
Norway_008656.jpg,
Norway_009451.jpg,
Norway_008992.jpg,
Norway_008996.jpg,
Norway_009813.jpg,1 1 1585 193 1690 
Norway_009085.jpg,
Norway_009192.jpg,1 1567 1394 1943 2030 1 1585 1221 1665 1324 
Norway_009009.jpg,
Norway_008232.jpg,
Norway_008727.jpg,
Norway_009532.jpg,
Norway_008380.jpg,
Norway_009184.jpg,
Norway_008769.jpg,
Norway_008590.jpg,1 1254 1418 1418 2029 1 1300 1142 1329 1211 
Norway_008789.jpg,1 1157 1817 1224 2036 1 1470 1679 1544 1843 
Norway_008959.jpg,1 498 1282 592 1343 2 290 1334 487 1357 
Norway_008240.jpg,
Norway_008525.jpg,
Norway_008595.jpg,
Norway_008518.jpg,1 1293 1449 1453 2036 
Norway_009551.jpg,
Norway_008376.jpg,
Norway_008302.jpg,
Norway_008398.jpg,
Norway_008368.jpg,
Norway_009335.jpg,
Norway_009583.jpg,
Norway_009433.jpg,1 1505 1313 1594 1500 1 1583 1177 1707 1287 
Norway_009368.jpg,
Norway_008372.jpg,
Norway_010014.jpg,
Norway_009589.jpg,1 1563 1280 1675 1480 
Norway_008958.jpg,1 696 1490 1031 1947 1 612 1430 921 1713 1 1493 1360 1535 1450 
Norway_009243.jpg,2 615 1436 1718 1494 
Norway_010003.jpg,
Norway_009716.jpg,
Norway_009657.jpg,
Norway_009998.jpg,
Norway_009810.jpg,2 8 1348 1360 1807 1 1338 1565 1465 2032 
Norway_009605.jpg,
Norway_009814.jpg,
Norway_009455.jpg,1 1571 1675 1701 2026 
Norway_010106.jpg,1 1040 1267 1117 1340 
Norway_008876.jpg,
Norway_009277.jpg,
Norway_010171.jpg,1 1757 1759 1941 2040 
Norway_008655.jpg,
Norway_008669.jpg,
Norway_009200.jpg,
Norway_009276.jpg,
Norway_010022.jpg,
Norway_009730.jpg,
Norway_009861.jpg,
Norway_009646.jpg,4 1700 1360 2124 1489 
Norway_009860.jpg,
Norway_009008.jpg,
Norway_010088.jpg,
Norway_008872.jpg,
Norway_009103.jpg,1 1424 1257 1549 1332 
Norway_008939.jpg,
Norway_009143.jpg,
Norway_008348.jpg,
Norway_010124.jpg,1 1349 1233 1429 1309 1 1308 1156 1358 1208 1 1262 1192 1314 1235 1 1024 1108 1059 1143 
Norway_009600.jpg,
Norway_008186.jpg,
Norway_008748.jpg,
Norway_010126.jpg,
Norway_010000.jpg,
Norway_009480.jpg,
Norway_008201.jpg,
Norway_009148.jpg,1 1180 1320 1223 1387 1 1431 1317 1485 1638 1 1445 1059 1484 1199 2 1474 1649 1799 1686 1 1386 1244 1476 1316 
Norway_008541.jpg,
Norway_008627.jpg,
Norway_009555.jpg,
Norway_009053.jpg,
Norway_010132.jpg,
Norway_009037.jpg,
Norway_008180.jpg,
Norway_009652.jpg,2 195 1547 1764 1674 2 4 1648 607 1766 1 613 1319 1034 1562 
Norway_008735.jpg,
Norway_010193.jpg,
Norway_009531.jpg,
Norway_009151.jpg,1 913 1529 1520 2034 1 1 1535 469 1763 
Norway_008420.jpg,2 1282 1458 1468 1489 1 1369 1641 1739 2029 1 1214 1341 1313 1583 2 763 1518 991 1548 1 944 1159 968 1189 
Norway_008367.jpg,
Norway_009365.jpg,
Norway_008925.jpg,
Norway_008363.jpg,
Norway_010029.jpg,
Norway_009010.jpg,1 217 1696 605 2037 1 119 1338 568 1565 1 613 1336 771 1503 1 865 1287 987 1429 1 633 1295 711 1375 1 1 1487 610 1833 
Norway_010028.jpg,1 628 1122 999 1337 
Norway_009313.jpg,
Norway_008430.jpg,
Norway_009220.jpg,
Norway_009787.jpg,1 0 1583 439 1806 1 871 1730 1032 2036 1 1078 1286 1330 1565 1 1450 1277 1538 1605 1 1342 1224 1410 1305 1 1041 1664 1129 1761 
Norway_009623.jpg,
Norway_008832.jpg,
Norway_010021.jpg,
Norway_009161.jpg,
Norway_008532.jpg,1 1665 1459 1772 1556 1 382 1276 1049 2025 1 1 1479 260 1607 2 680 1757 1127 1813 
Norway_008634.jpg,
Norway_008494.jpg,
Norway_008852.jpg,
Norway_009210.jpg,
Norway_009128.jpg,
Norway_008375.jpg,
Norway_009505.jpg,
Norway_009855.jpg,
Norway_008885.jpg,
Norway_009396.jpg,
Norway_009003.jpg,
Norway_010133.jpg,
Norway_008887.jpg,
Norway_009908.jpg,
Norway_010176.jpg,1 1207 1231 1615 2032 1 33 1695 305 2031 1 451 1526 838 1866 
Norway_009858.jpg,
Norway_008227.jpg,
Norway_009811.jpg,
Norway_009588.jpg,
Norway_009566.jpg,1 1536 1179 2025 2031 
Norway_009482.jpg,1 1902 1638 2260 1952 
Norway_010051.jpg,1 1537 1233 1978 2017 
Norway_009710.jpg,
Norway_009090.jpg,
Norway_008266.jpg,
Norway_008721.jpg,
Norway_008758.jpg,
Norway_008328.jpg,1 591 1649 763 1934 2 727 1548 1885 1631 1 1210 1174 1271 1231 1 746 1663 929 2033 
Norway_008684.jpg,
Norway_008749.jpg,
Norway_009428.jpg,
Norway_008966.jpg,
Norway_008293.jpg,1 780 1630 873 1741 1 1421 1237 1460 1314 1 1 1440 449 1644 3 1335 1448 1643 1900 1 757 1520 875 1659 
Norway_009822.jpg,
Norway_008747.jpg,1 1157 1521 1276 1674 1 1318 1410 1382 1548 1 997 1310 1110 1437 1 1379 1234 1468 1436 1 681 1940 759 2038 
Norway_008371.jpg,
Norway_009680.jpg,
Norway_009100.jpg,
Norway_009176.jpg,
Norway_009076.jpg,
Norway_008339.jpg,
Norway_009711.jpg,
Norway_008596.jpg,
Norway_009132.jpg,
Norway_008584.jpg,
Norway_009306.jpg,
Norway_010111.jpg,
Norway_008600.jpg,
Norway_009250.jpg,
Norway_009770.jpg,
Norway_008319.jpg,
Norway_009376.jpg,1 1288 1118 1436 1215 
Norway_009301.jpg,
Norway_009815.jpg,
Norway_010091.jpg,
Norway_008753.jpg,1 1253 1419 1407 2036 1 1740 1851 1837 2035 
Norway_009007.jpg,
Norway_009421.jpg,
Norway_009791.jpg,
Norway_009545.jpg,
Norway_009913.jpg,3 1454 1596 2078 2035 1 1499 1316 1555 1429 1 1608 1203 1707 1281 
Norway_009536.jpg,
Norway_008438.jpg,
Norway_009996.jpg,
Norway_009486.jpg,3 1524 1417 1872 2025 
Norway_008189.jpg,1 1507 1213 1561 1298 
Norway_009170.jpg,1 1833 1829 1979 2036 1 1610 1432 1689 1606 1 1657 1731 1714 1812 
Norway_009449.jpg,1 1 1709 364 1896 
Norway_008346.jpg,1 683 1157 978 1425 1 295 1491 808 2026 1 737 1162 864 1255 1 1056 1082 1142 1285 1 1340 1211 1580 2034 1 1476 1301 1665 1511 4 1666 1507 1833 1696 
Norway_010066.jpg,4 1182 1192 1280 1220 
Norway_009189.jpg,1 105 1773 421 2030 1 451 1502 779 1743 1 105 1504 775 2027 
Norway_008906.jpg,
Norway_009035.jpg,1 1 1658 232 1826 
Norway_009630.jpg,
Norway_009946.jpg,
Norway_009862.jpg,
Norway_009672.jpg,
Norway_008366.jpg,1 1828 1748 2036 2028 
Norway_008355.jpg,
Norway_010097.jpg,
Norway_010052.jpg,
Norway_009384.jpg,
Norway_008793.jpg,
Norway_010100.jpg,
Norway_008491.jpg,1 1766 1418 1882 1585 
Norway_010037.jpg,
Norway_010096.jpg,
Norway_008209.jpg,
Norway_010145.jpg,
Norway_010144.jpg,
Norway_010062.jpg,1 1688 1514 1803 1876 1 567 1228 1259 1845 2 1 1872 517 1955 2 756 1808 2262 1933 
Norway_009067.jpg,
Norway_009804.jpg,
Norway_008480.jpg,
Norway_008869.jpg,1 1044 1301 1123 1389 1 1420 1137 1490 1190 1 1345 1346 1419 1420 
Norway_009023.jpg,
Norway_008477.jpg,
Norway_008329.jpg,1 387 1329 679 1471 
Norway_008256.jpg,
Norway_009660.jpg,1 614 1407 753 1459 1 1632 1200 1711 1312 1 955 1184 1260 1318 1 1199 1248 1389 1406 1 1827 1483 1949 1704 
Norway_009931.jpg,1 1462 1368 1628 1601 
Norway_008223.jpg,
Norway_008454.jpg,
Norway_009394.jpg,
Norway_010107.jpg,
Norway_009938.jpg,
Norway_008459.jpg,1 1 1476 353 1622 
Norway_008613.jpg,1 4 1300 710 1555 
Norway_009363.jpg,2 177 1592 821 1695 2 421 1456 1755 1501 
Norway_008629.jpg,
Norway_009444.jpg,
Norway_009692.jpg,
Norway_008891.jpg,
Norway_009550.jpg,
Norway_008394.jpg,
Norway_009102.jpg,
Norway_010094.jpg,
Norway_010039.jpg,1 746 1281 853 1379 1 1366 1581 1431 1773 1 1452 1345 1560 1563 1 1371 1365 1483 1583 1 964 1223 1020 1291 1 1591 1530 1661 1657 1 1209 1303 1304 1407 1 1292 1411 1340 1600 
Norway_008412.jpg,
Norway_009290.jpg,
Norway_008709.jpg,
Norway_010030.jpg,
Norway_008524.jpg,
Norway_008934.jpg,
Norway_008462.jpg,
Norway_008821.jpg,
Norway_009828.jpg,
Norway_010075.jpg,
Norway_009655.jpg,
Norway_008449.jpg,1 1462 1113 1530 1222 
Norway_008830.jpg,
Norway_008984.jpg,
Norway_008503.jpg,2 4 1667 1765 1736 
Norway_008163.jpg,1 1437 1326 1530 1542 1 484 1611 620 1732 
Norway_009823.jpg,
Norway_009712.jpg,1 1525 1492 1730 1811 2 460 1421 1613 1497 
Norway_008608.jpg,1 1144 1123 1209 1188 1 455 1230 486 1261 1 963 1070 995 1126 
Norway_009619.jpg,
Norway_008935.jpg,
Norway_009539.jpg,1 1788 1571 2013 2028 1 1499 1761 1571 2003 1 1551 1201 1600 1295 
Norway_009374.jpg,1 1533 1430 1760 2034 
Norway_009812.jpg,1 609 1183 1068 1481 
Norway_009237.jpg,1 260 1180 1324 2028 
Norway_008607.jpg,
Norway_009725.jpg,1 584 1452 977 2037 
Norway_009586.jpg,1 1500 1466 1810 1893 
Norway_008396.jpg,
Norway_008214.jpg,
Norway_009318.jpg,1 131 1271 507 1432 
Norway_009762.jpg,
Norway_008622.jpg,
Norway_008338.jpg,
Norway_008519.jpg,
Norway_008203.jpg,
Norway_009498.jpg,
Norway_009666.jpg,1 1410 1172 1487 1345 1 1112 1283 1199 1387 1 1555 1284 1645 1450 1 1491 1136 1583 1277 1 894 1460 972 1533 1 1562 1457 1804 2031 1 1401 1344 1475 2034 
Norway_009760.jpg,
Norway_009865.jpg,
Norway_009350.jpg,1 1352 1471 1417 1571 2 919 1396 1694 1444 
Norway_010128.jpg,4 1411 1454 1480 1509 1 1289 1764 1382 2040 1 1316 1241 1348 1300 
Norway_009635.jpg,
Norway_008807.jpg,
Norway_010200.jpg,
Norway_009388.jpg,
Norway_008252.jpg,1 1086 1426 1244 1867 
Norway_008826.jpg,1 3031 1382 3639 1561 
Norway_009500.jpg,
Norway_008307.jpg,
Norway_008635.jpg,1 1503 1357 2118 2026 
Norway_008956.jpg,1 460 1330 618 1428 1 51 1438 348 1601 
Norway_008609.jpg,
Norway_010129.jpg,
Norway_010017.jpg,
Norway_008950.jpg,
Norway_009062.jpg,1 1767 1541 2231 2026 
Norway_008550.jpg,1 1239 1169 1296 1235 
Norway_009987.jpg,
Norway_010050.jpg,
Norway_008893.jpg,
Norway_008211.jpg,
Norway_009778.jpg,1 1031 1403 1204 1707 1 802 1726 952 2035 1 782 1349 880 1455 1 117 1574 617 1868 1 608 1477 814 1616 1 537 1464 942 1735 1 880 1241 1121 1462 1 1312 1350 1337 1393 1 1207 1280 1378 1374 1 1217 1146 1310 1228 1 3 1434 502 1645 1 92 1892 263 2035 2 114 1822 642 1891 
Norway_008571.jpg,
Norway_009233.jpg,1 1356 1151 1528 1365 
Norway_009272.jpg,
Norway_009631.jpg,
Norway_008657.jpg,
Norway_008914.jpg,
Norway_008997.jpg,
Norway_008998.jpg,
Norway_008281.jpg,2 10 1466 1796 1746 
Norway_009470.jpg,
Norway_008868.jpg,
Norway_008775.jpg,1 1878 1423 2082 1521 
Norway_009612.jpg,
Norway_009843.jpg,
Norway_009218.jpg,
Norway_008182.jpg,
Norway_008870.jpg,
Norway_009372.jpg,1 1516 1208 1858 2027 
Norway_009556.jpg,
Norway_008833.jpg,
Norway_008176.jpg,
Norway_009859.jpg,
Norway_009872.jpg,
Norway_009709.jpg,
Norway_009819.jpg,
Norway_009578.jpg,
Norway_009235.jpg,1 0 1274 488 1508 
Norway_008808.jpg,1 1282 1270 1382 1350 1 1293 1158 1445 1260 3 1492 1134 1940 2033 
Norway_008575.jpg,
Norway_008331.jpg,1 1584 1417 2139 2023 
Norway_009953.jpg,1 60 1249 814 1653 
Norway_008531.jpg,1 1293 1147 1519 1457 
Norway_008995.jpg,
Norway_009719.jpg,
Norway_010189.jpg,
Norway_009853.jpg,
Norway_009369.jpg,1 1450 1406 1542 1662 1 977 1644 1161 2036 
Norway_008389.jpg,
Norway_009251.jpg,
Norway_009549.jpg,1 502 1554 660 1677 
Norway_008365.jpg,
Norway_010103.jpg,2 1147 1807 1991 2020 
Norway_008901.jpg,
Norway_009270.jpg,
Norway_010093.jpg,
Norway_010168.jpg,
Norway_010032.jpg,1 1 1452 154 1531 
Norway_009603.jpg,
Norway_009574.jpg,1 396 1371 1174 2032 
Norway_009026.jpg,
Norway_008719.jpg,
Norway_009688.jpg,
Norway_008557.jpg,
Norway_009875.jpg,
Norway_008999.jpg,
Norway_008465.jpg,1 478 1303 1068 2035 1 1323 1217 1415 1532 
Norway_010086.jpg,
Norway_009932.jpg,1 794 1528 961 1721 1 563 1404 695 1510 1 2 1527 442 1773 2 232 1497 1864 1555 
Norway_008614.jpg,
Norway_009808.jpg,
Norway_010046.jpg,
Norway_009579.jpg,
Norway_010041.jpg,
Norway_010167.jpg,
Norway_008827.jpg,1 1574 1177 1897 1570 
Norway_008675.jpg,
Norway_008880.jpg,
Norway_009109.jpg,
Norway_009412.jpg,
Norway_008560.jpg,
Norway_008881.jpg,1 292 1569 809 2023 
Norway_010190.jpg,
Norway_009936.jpg,
Norway_008740.jpg,
Norway_009174.jpg,
Norway_009322.jpg,
Norway_009576.jpg,1 851 1702 1047 2029 1 1395 1281 1510 1533 
Norway_009493.jpg,
Norway_008844.jpg,
Norway_010142.jpg,
Norway_009973.jpg,
Norway_009647.jpg,
Norway_008900.jpg,1 1561 1429 2068 1994 
Norway_008632.jpg,1 673 1588 972 2031 1 1658 1308 1738 1427 1 1126 1347 1225 1549 1 1415 1525 1753 1753 1 926 1361 1110 1556 
Norway_008325.jpg,
Norway_008172.jpg,1 1363 1201 1501 1383 
Norway_009575.jpg,1 645 1256 853 1359 
Norway_009244.jpg,
Norway_009927.jpg,
Norway_008533.jpg,1 400 1213 1357 2026 4 1393 1403 1458 1427 
Norway_009415.jpg,
Norway_008306.jpg,1 1729 1165 1770 1219 
Norway_008637.jpg,
Norway_009897.jpg,1 127 1321 793 1654 
Norway_008434.jpg,
Norway_008697.jpg,
Norway_008777.jpg,
Norway_009353.jpg,1 1661 1669 1778 2024 
Norway_008812.jpg,1 673 1493 822 1677 1 733 1330 785 1402 1 869 1273 1045 1506 1 564 1314 689 1392 
Norway_009051.jpg,
Norway_009018.jpg,
Norway_010024.jpg,
Norway_009546.jpg,
Norway_009446.jpg,
Norway_009034.jpg,
Norway_008178.jpg,
Norway_009344.jpg,
Norway_009944.jpg,
Norway_009122.jpg,
Norway_008460.jpg,
Norway_008917.jpg,
Norway_008276.jpg,
Norway_008208.jpg,
Norway_009464.jpg,
Norway_009261.jpg,
Norway_008685.jpg,1 1 1181 787 1596 
Norway_009769.jpg,1 1013 1298 1154 1440 
Norway_009765.jpg,
Norway_009168.jpg,2 0 1734 1965 1950 
Norway_008910.jpg,
Norway_008169.jpg,1 364 1303 1126 2013 
Norway_009727.jpg,
Norway_010069.jpg,
Norway_008248.jpg,2 1721 1824 2170 2032 
Norway_009803.jpg,
Norway_008483.jpg,
Norway_008336.jpg,1 1263 1205 1347 1315 
Norway_009319.jpg,1 1564 1260 1643 1511 
Norway_009788.jpg,
Norway_010191.jpg,1 230 1356 394 1447 
Norway_008707.jpg,4 18 1776 184 1860 4 278 1565 574 1724 4 133 1860 433 2006 
Norway_008440.jpg,1 1253 1283 1382 1497 1 923 1632 1095 2019 1 1103 1550 1234 1661 
Norway_008577.jpg,
Norway_009333.jpg,1 1483 1208 1604 1412 
Norway_009726.jpg,1 0 1439 238 1582 
Norway_009223.jpg,
Norway_008602.jpg,1 5 1280 734 1605 
Norway_010116.jpg,
Norway_008442.jpg,3 1256 1481 1827 1894 1 972 1336 1065 1478 1 1724 1561 1866 1875 1 718 1430 819 1511 2 778 1542 1008 1584 1 1382 1196 1414 1250 1 835 1503 878 1552 
Norway_009794.jpg,2 1228 1253 1373 1301 
Norway_009360.jpg,
Norway_009469.jpg,
Norway_008164.jpg,1 1613 1446 1991 1844 
Norway_009846.jpg,
Norway_009604.jpg,1 1624 1217 1687 1328 
Norway_009817.jpg,
Norway_008286.jpg,
Norway_008349.jpg,
Norway_008842.jpg,1 1595 1580 1655 1811 1 1651 1814 1725 2001 1 1822 1826 1875 1900 
Norway_008458.jpg,
Norway_009472.jpg,
Norway_008527.jpg,
Norway_008701.jpg,
Norway_009544.jpg,
Norway_008220.jpg,2 0 1686 996 1766 
Norway_009108.jpg,
Norway_010162.jpg,
Norway_008971.jpg,1 1050 1376 1256 1686 1 1990 1746 2192 2036 2 0 1662 2080 1875 1 1810 1493 1909 1638 1 1645 1315 1699 1399 
Norway_009620.jpg,2 369 1368 1682 1495 
Norway_008760.jpg,
Norway_009330.jpg,1 1562 1269 1606 1398 
Norway_009105.jpg,1 1 1729 348 1969 1 843 1239 998 1326 1 873 1306 1154 1487 1 1024 1213 1176 1277 1 1270 1123 1343 1195 2 311 1480 1387 1542 
Norway_009590.jpg,
Norway_008448.jpg,
Norway_008415.jpg,
Norway_008568.jpg,
Norway_009296.jpg,
Norway_009314.jpg,
Norway_008831.jpg,
Norway_009792.jpg,
Norway_008181.jpg,
Norway_009317.jpg,
Norway_009499.jpg,
Norway_009530.jpg,1 1459 1164 1526 1378 
Norway_008395.jpg,
Norway_008973.jpg,1 1033 1136 1110 1212 1 1 1491 370 1689 1 1365 1485 1415 1621 
Norway_008694.jpg,
Norway_009361.jpg,1 1184 1859 1254 2037 
Norway_009507.jpg,
Norway_008619.jpg,
Norway_009473.jpg,1 2120 1648 2512 2034 1 5 1131 1076 1660 1 1991 1570 2039 1649 
Norway_008778.jpg,
Norway_009687.jpg,
Norway_008318.jpg,
Norway_008766.jpg,1 1121 1249 1615 1414 
Norway_010026.jpg,
Norway_009291.jpg,
Norway_009236.jpg,
Norway_008504.jpg,
Norway_008946.jpg,2 36 1579 980 1629 2 236 1480 952 1522 
Norway_010192.jpg,1 1588 1353 1680 1488 2 0 1499 1809 1580 1 1279 1124 1356 1199 
Norway_009805.jpg,
Norway_008703.jpg,
Norway_010015.jpg,
Norway_008296.jpg,1 1042 1158 1296 1273 
Norway_008197.jpg,2 199 1447 1833 1628 
Norway_009642.jpg,
Norway_010077.jpg,
Norway_009561.jpg,1 1465 1268 1487 1322 1 1619 1413 1725 1688 1 1301 1346 1491 1505 1 1767 1712 1876 2039 1 1600 1299 1699 1415 1 1041 1331 1230 1724 1 1327 1265 1382 1355 
Norway_008683.jpg,
Norway_009479.jpg,
Norway_008623.jpg,
Norway_008711.jpg,1 1147 1217 1228 1304 1 1262 1274 1340 1333 1 696 1228 863 1330 1 4 1347 734 1677 
Norway_008722.jpg,
Norway_008297.jpg,
Norway_009044.jpg,
Norway_010057.jpg,
Norway_009439.jpg,1 1194 1155 1347 1452 1 1070 1726 1176 2036 1 1293 1367 1425 2035 
Norway_009602.jpg,
Norway_009127.jpg,2 355 1693 1766 1741 
Norway_009610.jpg,
Norway_009273.jpg,
Norway_009249.jpg,1 323 1386 962 1915 1 825 1215 1025 1397 1 1608 1396 1728 1551 1 484 1841 655 2037 
Norway_008369.jpg,
Norway_009448.jpg,
Norway_009851.jpg,1 1550 1170 1609 1283 1 1725 1673 1866 1988 1 1638 1388 1685 1533 1 1731 1551 1779 1673 
Norway_009359.jpg,
Norway_008597.jpg,1 1699 1628 1784 1795 1 1558 1729 1690 2037 1 1810 1578 1917 1663 1 10 1293 780 1717 1 686 1326 1055 1737 
Norway_008993.jpg,
Norway_008986.jpg,
Norway_009404.jpg,
Norway_009389.jpg,
Norway_008569.jpg,
Norway_009077.jpg,
Norway_008278.jpg,
Norway_009298.jpg,
Norway_008282.jpg,4 1221 1918 1352 1983 2 932 1593 1520 1635 
Norway_010114.jpg,1 523 1326 612 1405 
Norway_008259.jpg,1 1594 1157 2450 2028 
Norway_008555.jpg,
Norway_010140.jpg,
Norway_009169.jpg,1 1 1361 700 1713 
Norway_009373.jpg,1 1503 1492 1623 1902 1 1430 1250 1464 1280 
Norway_008475.jpg,
Norway_008261.jpg,4 1371 1515 1462 1552 
Norway_008825.jpg,
Norway_009796.jpg,
Norway_009019.jpg,
Norway_008974.jpg,1 468 1500 979 2030 1 1535 1599 1706 2035 1 804 1697 919 2037 1 2075 1755 2321 2036 1 1166 1434 1489 1602 1 1396 1194 1443 1267 2 696 1407 1168 1443 2 758 1376 1364 1417 
Norway_009334.jpg,
Norway_008437.jpg,
Norway_009030.jpg,
Norway_009743.jpg,
Norway_009844.jpg,
Norway_009315.jpg,1 1487 1200 1543 1254 
Norway_009209.jpg,
Norway_009194.jpg,2 1 1707 2026 1850 
Norway_009221.jpg,
Norway_009713.jpg,
Norway_008300.jpg,
Norway_009379.jpg,1 2161 1516 2466 1707 
Norway_010136.jpg,1 1329 1486 1509 1657 1 1554 1639 1691 1932 1 56 1489 568 1954 1 1035 1214 1158 1401 1 1 1483 353 1659 
Norway_008734.jpg,
Norway_008587.jpg,
Norway_008562.jpg,1 1544 1490 1734 2032 
Norway_009201.jpg,1 998 1100 1132 1246 1 1101 1304 1138 1368 
Norway_009887.jpg,3 1785 1096 1900 1152 1 1864 1232 1905 1307 1 1679 1289 1740 1345 1 1639 1448 1849 1824 1 1935 1375 1967 1441 
Norway_009279.jpg,1 1016 1487 1133 1639 
Norway_008534.jpg,1 1574 1284 1956 2030 2 329 1459 1791 1526 
Norway_010042.jpg,
Norway_008236.jpg,1 1059 1307 1233 1442 1 1446 1131 1550 1343 1 581 1440 698 1534 1 774 1281 995 1428 1 1255 1184 1400 1247 
Norway_008399.jpg,
Norway_009839.jpg,
Norway_008199.jpg,
Norway_009535.jpg,
Norway_008356.jpg,
Norway_008712.jpg,
Norway_009453.jpg,
Norway_008764.jpg,
Norway_010027.jpg,
Norway_009685.jpg,4 1410 1559 1497 1596 1 391 1239 580 1338 
Norway_008411.jpg,
Norway_009800.jpg,1 1079 1166 1446 2034 1 23 1265 926 1612 1 1 1594 281 1828 
Norway_009141.jpg,1 1432 1227 2160 2026 
Norway_008978.jpg,
Norway_009082.jpg,
Norway_008358.jpg,1 1413 1870 1523 2031 
Norway_008894.jpg,
Norway_008944.jpg,1 1355 1411 1553 2021 
Norway_008556.jpg,
Norway_009240.jpg,
Norway_009208.jpg,1 461 1706 671 1849 1 489 1848 682 2037 1 0 1564 352 1740 2 248 1631 1013 1739 1 1288 1467 1401 2036 1 1089 1254 1324 1460 2 903 1655 1358 1723 1 1225 1187 1516 1468 
Norway_009867.jpg,
Norway_008729.jpg,1 12 1489 358 1723 1 1467 1354 1631 2027 1 1467 1174 1571 1364 
Norway_009084.jpg,
Norway_009320.jpg,1 39 1292 863 1818 
Norway_008988.jpg,1 717 1255 998 1421 1 821 1222 1310 2033 1 1318 1447 1410 2037 1 993 1212 1312 1521 1 1405 1262 1455 1448 1 461 1435 801 1724 1 1477 1321 1603 2036 1 1244 1105 1294 1206 
Norway_009993.jpg,
Norway_008316.jpg,
Norway_009538.jpg,
Norway_009914.jpg,
Norway_010090.jpg,1 4 1399 708 1726 
Norway_009064.jpg,
Norway_008513.jpg,
Norway_008658.jpg,
Norway_008528.jpg,3 800 1479 1406 2038 1 13 1612 607 1919 
Norway_009691.jpg,
Norway_008841.jpg,1 1858 1625 1953 1748 
Norway_009638.jpg,
Norway_009267.jpg,1 394 1709 819 2033 1 1 1741 400 1906 1 1646 1330 1713 1428 1 1278 1754 1568 2036 
Norway_008890.jpg,
Norway_010055.jpg,
Norway_009059.jpg,1 1 1512 656 1941 1 786 1351 1016 1479 1 1586 1466 1712 1717 1 994 1158 1549 2030 1 1178 1141 1406 1255 
Norway_008424.jpg,
Norway_009864.jpg,
Norway_009304.jpg,
Norway_008889.jpg,
Norway_008726.jpg,
Norway_008739.jpg,
Norway_009099.jpg,1 1859 1503 2398 2031 
Norway_008468.jpg,1 1279 1563 1418 2034 1 1723 1633 1824 1975 
Norway_009198.jpg,
Norway_010156.jpg,
Norway_009866.jpg,
Norway_009395.jpg,
Norway_008237.jpg,
Norway_009231.jpg,
Norway_009117.jpg,
Norway_009213.jpg,
Norway_008393.jpg,
Norway_008866.jpg,
Norway_009157.jpg,1 1317 1169 1376 1251 
Norway_009684.jpg,1 1242 1163 1447 1330 
Norway_009874.jpg,
Norway_008543.jpg,
Norway_008908.jpg,
Norway_009896.jpg,
Norway_009153.jpg,
Norway_009967.jpg,
Norway_009295.jpg,
Norway_010138.jpg,1 273 1436 514 1533 
Norway_009070.jpg,
Norway_008234.jpg,
Norway_008965.jpg,
Norway_008264.jpg,
Norway_008582.jpg,
Norway_008991.jpg,
Norway_009497.jpg,
Norway_008298.jpg,
Norway_010178.jpg,1 1207 1280 1362 1449 
Norway_009147.jpg,1 3 1227 581 1479 
Norway_009597.jpg,
Norway_009263.jpg,
Norway_009069.jpg,
Norway_009484.jpg,1 869 1487 986 1585 1 1667 1933 1721 2037 1 1594 1312 1655 1462 
Norway_008791.jpg,
Norway_008715.jpg,1 355 1290 674 1422 
Norway_008564.jpg,
Norway_008275.jpg,
Norway_009162.jpg,
Norway_009465.jpg,1 1326 1311 1381 1454 1 945 1187 1068 1299 2 1106 1895 1567 2020 
Norway_008883.jpg,1 1 1630 321 1864 1 300 1424 666 1624 1 1163 1144 1224 1187 
Norway_008342.jpg,
Norway_009890.jpg,3 1262 1142 1437 1401 1 1082 1346 1167 1446 1 794 1328 952 1416 
Norway_009186.jpg,1 2 1405 679 1685 
Norway_009757.jpg,1 644 1442 952 1740 1 297 1785 594 2037 1 1111 1473 1265 1723 
Norway_008453.jpg,
Norway_008905.jpg,
Norway_009735.jpg,
Norway_009206.jpg,
Norway_009595.jpg,
Norway_009300.jpg,
Norway_009224.jpg,
Norway_010078.jpg,
Norway_008303.jpg,
Norway_008915.jpg,1 500 1412 634 1485 
Norway_009664.jpg,
Norway_010198.jpg,
Norway_009435.jpg,1 0 1612 346 1800 
Norway_009961.jpg,
Norway_009323.jpg,1 475 1683 794 2030 1 1759 1709 1928 2030 1 1552 1272 1622 1431 1 643 1596 734 1691 1 1637 1770 1737 2034 1 842 1225 1036 1341 
Norway_009626.jpg,
Norway_009883.jpg,1 74 1522 873 1914 1 1584 1579 1729 2036 1 1500 1239 1627 1519 1 1009 1133 1325 1406 1 618 1207 1048 1396 
Norway_009427.jpg,
Norway_008621.jpg,
Norway_009881.jpg,
Norway_008813.jpg,1 1706 1650 1904 2037 1 1442 1245 1684 1646 1 1629 1670 1765 2037 
Norway_010131.jpg,
Norway_009140.jpg,
Norway_009083.jpg,2 771 1469 1784 1582 
Norway_009679.jpg,
Norway_009259.jpg,
Norway_008759.jpg,
Norway_009222.jpg,
Norway_008871.jpg,
Norway_008188.jpg,
Norway_008855.jpg,1 1187 1360 1303 1579 
Norway_009467.jpg,
Norway_008626.jpg,
Norway_009750.jpg,
Norway_010120.jpg,
Norway_010010.jpg,
Norway_009101.jpg,
Norway_008554.jpg,
Norway_010098.jpg,
Norway_008820.jpg,1 267 1380 696 1590 2 8 1624 1327 1793 
Norway_008903.jpg,
Norway_009509.jpg,1 1541 1289 1614 1467 1 1487 1625 1623 2038 1 1468 1455 1521 1569 
Norway_010118.jpg,1 586 1699 703 2031 1 2435 1663 2625 2027 1 586 1493 653 1562 1 225 1425 640 1843 
Norway_009930.jpg,1 435 1256 863 1458 1 798 1331 966 1453 
Norway_008174.jpg,2 575 1413 1435 1519 
Norway_009106.jpg,
Norway_009216.jpg,
Norway_009516.jpg,
Norway_009707.jpg,
Norway_008746.jpg,4 1481 1609 1632 1809 4 1794 1857 1883 1940 
Norway_009450.jpg,
Norway_008498.jpg,
Norway_008583.jpg,
Norway_010135.jpg,
Norway_008536.jpg,
Norway_009759.jpg,
Norway_008801.jpg,1 1097 1444 1379 1951 
Norway_009753.jpg,
Norway_009970.jpg,
Norway_009548.jpg,1 1477 1201 1655 1583 1 1374 1458 1576 2034 1 1359 1128 1412 1199 
Norway_008322.jpg,
Norway_009820.jpg,
Norway_008849.jpg,
Norway_009063.jpg,
Norway_009390.jpg,1 15 1310 646 1554 1 683 1397 800 1562 1 88 1555 181 1628 
Norway_009585.jpg,1 487 1276 877 1486 
Norway_009596.jpg,1 1839 1274 1903 1572 1 4 1714 496 2025 
Norway_008192.jpg,1 5 1326 654 1644 
Norway_008413.jpg,
Norway_008785.jpg,1 342 1391 1050 2028 1 267 1432 584 1545 2 1259 1586 1818 1637 1 1087 1189 1265 1352 
Norway_008951.jpg,
Norway_009840.jpg,
Norway_009405.jpg,
Norway_009461.jpg,
Norway_010173.jpg,
Norway_010183.jpg,1 1 1471 347 1655 1 446 1458 625 1603 
Norway_009926.jpg,
Norway_008262.jpg,
Norway_008743.jpg,
Norway_008417.jpg,
Norway_008161.jpg,1 1579 1469 1703 2036 1 1580 1230 1620 1417 
Norway_009212.jpg,
Norway_010113.jpg,
Norway_008733.jpg,1 241 1567 879 2006 1 1551 1318 1701 1474 1 704 1296 912 1401 1 86 1456 392 1589 2 1514 1544 1728 1622 
Norway_008505.jpg,
Norway_008249.jpg,1 1474 1562 1615 2038 1 888 1289 1172 1590 1 828 1352 1230 2028 
Norway_009868.jpg,
Norway_008507.jpg,
Norway_008864.jpg,
Norway_009457.jpg,
Norway_009078.jpg,
Norway_008838.jpg,
Norway_008377.jpg,
Norway_008382.jpg,
Norway_009278.jpg,
Norway_009754.jpg,1 1235 1098 1821 2027 
Norway_008620.jpg,1 1320 1305 1400 1439 
Norway_008699.jpg,
Norway_009136.jpg,
Norway_009166.jpg,1 1372 1182 1694 1578 
Norway_009098.jpg,
Norway_008551.jpg,
Norway_009410.jpg,1 1939 1763 2156 2027 
Norway_008484.jpg,1 10 1326 896 1773 1 983 1559 1076 1704 1 657 1922 785 2036 
Norway_009347.jpg,
Norway_009956.jpg,
Norway_009876.jpg,1 1407 1610 1558 2036 1 710 1242 1081 1467 1 1447 1185 1513 1380 1 1631 1375 1709 1487 1 1748 1939 1836 2038 1 9 1510 543 1762 
Norway_008408.jpg,
Norway_009196.jpg,
Norway_008899.jpg,
Norway_009265.jpg,
Norway_009779.jpg,
Norway_008985.jpg,
Norway_008213.jpg,
Norway_009821.jpg,
Norway_009781.jpg,
Norway_010038.jpg,
Norway_009284.jpg,1 1502 1280 1563 1372 1 1557 1661 1691 2024 1 1191 1848 1305 2037 1 1440 1196 1477 1253 1 1583 1545 1639 1679 1 1520 1415 1576 1580 1 1463 1354 1503 1432 1 1185 1206 1212 1233 1 885 1236 1015 1299 
Norway_008967.jpg,
Norway_008284.jpg,
Norway_008592.jpg,
Norway_008912.jpg,
Norway_009367.jpg,
Norway_009460.jpg,
Norway_008295.jpg,
Norway_008166.jpg,
Norway_009050.jpg,1 1733 1306 2519 2027 
Norway_008795.jpg,
Norway_009346.jpg,
Norway_008280.jpg,
Norway_008803.jpg,
Norway_009052.jpg,
Norway_008479.jpg,1 1078 1218 1407 1640 1 1514 1280 1743 2036 1 1367 1076 1423 1187 
Norway_009095.jpg,
Norway_009581.jpg,
Norway_009514.jpg,
Norway_009474.jpg,1 1761 1863 1877 2036 
Norway_008418.jpg,
Norway_008231.jpg,1 1664 1455 1927 2029 1 1525 1439 1594 1736 1 1518 1184 1567 1289 1 1957 1586 2236 2021 1 1637 1117 1679 1283 1 1627 1309 1719 1451 1 349 1386 582 1480 1 1053 1296 1220 1433 
Norway_008515.jpg,
Norway_009824.jpg,1 877 1428 1126 1611 
Norway_008649.jpg,
Norway_008814.jpg,
Norway_009519.jpg,
Norway_008659.jpg,
Norway_009979.jpg,
Norway_008845.jpg,
Norway_010034.jpg,
Norway_010068.jpg,
Norway_010012.jpg,
Norway_008379.jpg,1 1040 1355 1266 1799 1 976 1163 1088 1337 
Norway_009430.jpg,
Norway_009113.jpg,
Norway_008502.jpg,1 2146 1336 2253 1402 
Norway_008665.jpg,1 1605 1345 1688 1483 1 2000 1833 2234 2035 1 1610 1479 1726 1712 
Norway_010127.jpg,
Norway_009031.jpg,1 1445 1429 1602 2036 2 290 1381 1754 1501 2 1583 1759 1814 1795 1 1419 1156 1472 1259 
Norway_009014.jpg,1 438 1485 982 2033 2 149 1328 1749 1525 
Norway_009255.jpg,1 670 1194 802 1240 
Norway_008794.jpg,
Norway_009847.jpg,
Norway_008651.jpg,1 1 1520 225 1618 1 1432 1555 1557 1687 1 1462 1460 1514 1525 1 1584 1540 1625 1620 1 1472 1228 1559 1364 1 1534 1771 1603 2040 1 1585 1670 1658 1805 
Norway_009475.jpg,
Norway_008604.jpg,1 1668 1545 1963 1919 1 875 1211 1051 1314 1 1273 1332 1368 2038 1 1515 1295 1627 1416 1 807 1313 952 1429 1 244 1418 515 1544 1 1 1653 112 1707 1 1100 1181 1301 1359 1 1721 1445 1765 1560 
Norway_009925.jpg,1 1497 1760 1588 1884 2 276 1465 465 1496 1 1267 1500 1331 1688 
Norway_008522.jpg,
Norway_009977.jpg,
Norway_009195.jpg,
Norway_009994.jpg,1 2 1364 839 1787 1 1081 1447 1500 2025 
Norway_008397.jpg,
Norway_009879.jpg,1 677 1205 967 1333 1 7 1205 1139 1956 1 1211 1219 1292 1329 
Norway_008406.jpg,
Norway_009686.jpg,
Norway_010160.jpg,
Norway_009611.jpg,
Norway_008344.jpg,1 1517 1662 1648 2037 
Norway_008805.jpg,
Norway_008566.jpg,
Norway_009391.jpg,
Norway_008218.jpg,3 1679 1331 1883 1699 1 1529 1396 1578 1510 1 2066 1868 2180 2036 
Norway_009570.jpg,
Norway_009511.jpg,1 970 1315 1220 1518 
Norway_008250.jpg,
Norway_010063.jpg,
Norway_009841.jpg,
Norway_010073.jpg,1 10 1496 353 1667 1 791 1116 1211 1295 
Norway_010197.jpg,
Norway_009831.jpg,
Norway_009542.jpg,1 1513 1163 1938 2020 
Norway_008941.jpg,
Norway_008540.jpg,1 1605 1481 1860 2034 
Norway_009060.jpg,1 1 1492 360 1664 1 1495 1210 1716 2035 
Norway_008384.jpg,1 1568 1187 1668 1422 1 1468 1082 1563 1234 
Norway_009294.jpg,
Norway_009039.jpg,
Norway_010122.jpg,
Norway_009187.jpg,1 1428 1568 1568 2036 
Norway_008493.jpg,1 1037 1367 1425 2034 
Norway_009768.jpg,
Norway_009690.jpg,
Norway_008241.jpg,
Norway_008639.jpg,
Norway_009447.jpg,1 1635 1254 1783 1457 1 1699 1517 1813 1663 1 1 1532 237 1643 
Norway_008897.jpg,
Norway_010080.jpg,
Norway_009418.jpg,1 1078 1237 1199 1317 
Norway_009458.jpg,
Norway_009155.jpg,
Norway_008461.jpg,
Norway_009124.jpg,
Norway_009634.jpg,
Norway_008381.jpg,
Norway_008919.jpg,
Norway_009432.jpg,
Norway_009496.jpg,
Norway_008444.jpg,
Norway_009774.jpg,
Norway_009621.jpg,
Norway_008940.jpg,
Norway_008819.jpg,
Norway_009061.jpg,
Norway_009663.jpg,
Norway_009667.jpg,
Norway_008756.jpg,
Norway_008983.jpg,1 1201 1254 1460 1480 
Norway_008714.jpg,
Norway_008682.jpg,
Norway_009159.jpg,
Norway_008762.jpg,
Norway_009312.jpg,
Norway_009302.jpg,1 1 1521 314 1720 1 744 1816 867 1953 1 1645 1560 1852 1979 
Norway_009702.jpg,
Norway_010074.jpg,
Norway_008972.jpg,1 1549 1361 2243 2028 
Norway_009357.jpg,
Norway_009452.jpg,
Norway_009734.jpg,
Norway_009650.jpg,
Norway_009573.jpg,
Norway_009907.jpg,1 783 1606 1094 1918 1 1226 1224 1374 1381 1 1843 1563 1920 1723 1 1675 1278 1886 1533 1 1190 1184 1251 1268 2 638 1529 1867 1652 
Norway_009230.jpg,
Norway_009715.jpg,
Norway_010180.jpg,
Norway_009758.jpg,
Norway_009399.jpg,
Norway_008648.jpg,1 1420 1096 1471 1199 1 1459 1196 1520 1240 1 585 1541 754 1660 1 2 1497 405 1714 
Norway_009000.jpg,1 356 1388 560 1464 1 836 1384 1032 1543 1 1397 1568 1498 1925 1 1025 1261 1212 1369 1 1567 1353 1649 1526 1 846 1555 929 1630 1 1101 1179 1203 1218 1 1266 1229 1315 1263 1 456 1555 815 1842 
Norway_009982.jpg,
Norway_008506.jpg,
Norway_008718.jpg,
Norway_008738.jpg,
Norway_009036.jpg,
Norway_010187.jpg,
Norway_008559.jpg,1 219 1529 791 1996 
Norway_009985.jpg,
Norway_008981.jpg,
Norway_009338.jpg,
Norway_008334.jpg,1 603 1322 769 1481 1 3 1647 131 1748 
Norway_008964.jpg,
Norway_010130.jpg,1 385 1155 751 1346 1 1251 1101 1321 1201 1 1420 1325 1467 1397 
Norway_008678.jpg,
Norway_008255.jpg,
Norway_008810.jpg,
Norway_008315.jpg,4 1254 1297 1321 1331 
Norway_009613.jpg,
Norway_008616.jpg,
Norway_009950.jpg,3 1547 1456 1691 1627 
Norway_009456.jpg,1 975 1428 1128 2024 1 1093 1270 1127 1316 
Norway_010001.jpg,
Norway_009269.jpg,
Norway_008618.jpg,1 4 1296 632 1746 1 773 1140 866 1193 
Norway_009171.jpg,
Norway_008373.jpg,2 686 1512 1658 1579 
Norway_009669.jpg,
Norway_009425.jpg,3 1408 1427 1736 2031 
Norway_009027.jpg,
Norway_009048.jpg,
Norway_008335.jpg,1 2 1172 676 1474 
Norway_008242.jpg,4 2378 1542 2710 1657 1 409 1669 824 2036 1 488 1579 856 1872 2 1466 1319 1764 1361 1 1147 1647 1218 1883 
Norway_010056.jpg,
Norway_008224.jpg,
Norway_010092.jpg,
Norway_009885.jpg,
Norway_009675.jpg,
Norway_009371.jpg,
Norway_009071.jpg,
Norway_009119.jpg,1 1103 1294 1269 1567 1 1146 1539 1270 2035 
Norway_008265.jpg,
Norway_008834.jpg,
Norway_008221.jpg,1 1053 1140 1316 1404 1 724 1933 835 2038 1 744 1314 846 1363 1 713 1879 800 1943 1 260 1868 434 1992 3 267 1745 660 2036 
Norway_009429.jpg,
Norway_009924.jpg,1 1417 1136 1467 1167 
Norway_009888.jpg,
Norway_009971.jpg,
Norway_009899.jpg,2 0 1543 1862 1600 
Norway_009370.jpg,
Norway_009104.jpg,1 484 1388 1121 2030 1 1172 1292 1231 1335 1 1086 1339 1126 1374 
Norway_008646.jpg,
Norway_009740.jpg,
Norway_009471.jpg,1 1 1672 319 1976 3 1415 1481 1594 1678 1 608 1687 902 2020 1 1269 1762 1350 1928 1 982 1289 1143 1472 2 3 1614 1864 1721 1 1288 1406 1333 1504 1 1377 1873 1446 2019 
Norway_009254.jpg,2 1 1493 679 1605 
Norway_009134.jpg,
Norway_008874.jpg,
Norway_009738.jpg,1 1582 1420 1688 1737 
Norway_008591.jpg,3 1110 1137 1275 1188 
Norway_009627.jpg,
Norway_009906.jpg,1 666 1575 1043 2022 2 285 1539 1008 1582 
Norway_008713.jpg,
Norway_009722.jpg,
Norway_008654.jpg,
Norway_008865.jpg,
Norway_008644.jpg,1 1157 1099 1496 1480 
Norway_008407.jpg,
Norway_009349.jpg,
Norway_008931.jpg,
Norway_008757.jpg,
Norway_008797.jpg,
Norway_009351.jpg,
Norway_009097.jpg,
Norway_008667.jpg,
Norway_009137.jpg,
Norway_009919.jpg,4 3193 1314 3372 1374 
Norway_008929.jpg,4 1136 1397 1247 1447 2 1154 1514 1928 1577 3 765 1600 956 1748 4 1054 1533 1123 1573 
Norway_009643.jpg,
Norway_009512.jpg,
Norway_010065.jpg,
Norway_010007.jpg,1 10 1267 1080 2029 1 307 1277 848 1513 1 1108 1317 1266 1548 
Norway_008823.jpg,
Norway_008191.jpg,
Norway_009891.jpg,
Norway_009281.jpg,
Norway_009239.jpg,
Norway_008696.jpg,1 1519 1377 1694 2035 1 520 1326 1042 1587 1 816 1614 1073 2035 1 1197 1380 1348 1650 1 446 1390 621 1486 2 0 1554 880 1694 1 1499 1198 1547 1234 1 1084 1132 1433 1305 1 1227 1243 1357 1393 
Norway_009385.jpg,
Norway_008576.jpg,4 2168 1422 2346 1484 1 1442 1621 1702 2015 4 2034 1300 2173 1348 4 2409 1364 2511 1413 
Norway_008243.jpg,1 3150 1414 3639 1524 
Norway_008456.jpg,
Norway_008962.jpg,1 331 1317 1204 2020 
Norway_008239.jpg,
Norway_009789.jpg,
Norway_008542.jpg,1 844 1835 941 2037 1 1132 1451 1250 1657 1 1288 1244 1502 1451 
Norway_008921.jpg,1 952 1208 1087 1374 
Norway_009674.jpg,
Norway_008416.jpg,
Norway_008867.jpg,
Norway_008270.jpg,2 922 1496 1618 1545 
Norway_009445.jpg,
Norway_009114.jpg,1 1237 1088 1266 1157 
Norway_009558.jpg,
Norway_008911.jpg,
Norway_009057.jpg,
Norway_009121.jpg,
Norway_010076.jpg,
Norway_009046.jpg,
Norway_010040.jpg,1 1795 1622 2266 2036 
Norway_009089.jpg,
Norway_008271.jpg,1 1391 1116 1488 1284 
Norway_009948.jpg,
Norway_008361.jpg,1 1 1623 316 1770 2 1135 1232 1579 1292 
Norway_008700.jpg,
Norway_009904.jpg,
Norway_009431.jpg,
Norway_009976.jpg,1 1307 1135 1361 1199 1 1167 1138 1206 1255 
Norway_010048.jpg,
Norway_009075.jpg,
Norway_009328.jpg,
Norway_009217.jpg,
Norway_009951.jpg,
Norway_009833.jpg,
Norway_010149.jpg,2 1058 1664 1526 1710 
Norway_008945.jpg,
Norway_009436.jpg,
Norway_008537.jpg,
Norway_009387.jpg,1 1469 1410 1988 2024 
Norway_008771.jpg,
Norway_008435.jpg,
Norway_009871.jpg,
Norway_010147.jpg,
Norway_009591.jpg,
Norway_009728.jpg,1 928 1382 1012 1460 1 1091 1203 1173 1295 
Norway_008482.jpg,
Norway_008601.jpg,
Norway_008593.jpg,1 1690 1464 2294 2027 
Norway_009869.jpg,1 726 1544 871 1670 
Norway_008741.jpg,1 1581 1420 2048 2013 
Norway_009066.jpg,1 513 1440 713 1556 
Norway_009615.jpg,1 926 1381 1241 2034 1 1325 1239 1409 1336 1 740 1302 903 1410 1 1267 1319 1314 1391 1 1364 1410 1478 2037 1 1712 1709 1820 2038 1 1454 1141 1542 1306 2 1308 1386 1450 1425 1 1525 1660 1633 1999 1 1558 1318 1669 1665 1 408 1387 732 1555 
Norway_008736.jpg,
Norway_009567.jpg,2 0 1566 2105 1643 
Norway_009984.jpg,1 11 1216 1167 1865 
Norway_008875.jpg,
Norway_008680.jpg,1 959 1574 1015 1713 
Norway_008350.jpg,
Norway_010161.jpg,
Norway_008196.jpg,1 249 1191 1062 1651 
Norway_008481.jpg,
Norway_009633.jpg,
Norway_009524.jpg,
Norway_010159.jpg,
Norway_009343.jpg,
Norway_008765.jpg,
Norway_009706.jpg,
Norway_008552.jpg,1 1321 1313 1430 1624 1 1524 1259 1606 1311 1 900 1606 1288 2033 1 765 1282 868 1337 1 1535 1151 1560 1202 
Norway_009529.jpg,1 1710 1756 1801 2016 1 1530 1845 1637 2035 1 1717 1678 1778 1770 1 595 1297 886 1429 
Norway_008353.jpg,
Norway_008447.jpg,2 3 1790 1838 1982 1 1272 1256 1337 1355 1 1343 1116 1398 1187 2 219 1392 1702 1467 
Norway_008509.jpg,
Norway_009807.jpg,
Norway_009832.jpg,4 1194 1395 1244 1520 4 1213 1863 1316 1953 4 1336 1617 1389 1730 4 1250 1727 1324 1815 
Norway_009957.jpg,
Norway_008848.jpg,
Norway_009802.jpg,
Norway_009665.jpg,
Norway_008689.jpg,2 325 1415 609 1444 2 493 1314 735 1338 
Norway_009784.jpg,
Norway_009091.jpg,1 1506 1097 1623 1271 
Norway_008170.jpg,
Norway_009156.jpg,
Norway_008165.jpg,
Norway_009501.jpg,1 266 1520 855 2032 
Norway_008963.jpg,
Norway_009088.jpg,
Norway_009463.jpg,
Norway_008167.jpg,
Norway_008233.jpg,
Norway_009988.jpg,
Norway_009246.jpg,1 1438 1347 1555 2038 1 1631 1783 1742 2039 1 1435 1055 1461 1106 
Norway_008496.jpg,
Norway_008171.jpg,
Norway_009999.jpg,
Norway_010196.jpg,2 320 1464 1821 1502 
Norway_009129.jpg,
Norway_010186.jpg,
Norway_008273.jpg,
Norway_008970.jpg,1 929 1184 1077 1343 1 1191 1354 1241 1407 1 1321 1217 1430 1377 1 1194 1174 1264 1217 1 1567 1273 1728 1539 
Norway_008846.jpg,
Norway_008516.jpg,
Norway_010087.jpg,1 1334 1180 1873 2028 
Norway_009211.jpg,
Norway_008301.jpg,2 57 1582 1309 1688 
Norway_009949.jpg,
Norway_009488.jpg,
Norway_009705.jpg,2 0 1746 1344 1852 1 1393 1263 1917 2026 
Norway_009557.jpg,
Norway_008323.jpg,
Norway_008666.jpg,
Norway_009884.jpg,
Norway_009763.jpg,1 1084 1061 1156 1145 
Norway_009219.jpg,
Norway_009485.jpg,
Norway_008190.jpg,
Norway_009146.jpg,
Norway_010070.jpg,1 896 1386 1234 2034 
Norway_009354.jpg,
Norway_009565.jpg,
Norway_009723.jpg,1 179 1386 343 1468 
Norway_009247.jpg,1 852 1570 1013 2039 1 1611 1349 1732 1525 1 68 1621 449 2016 1 1255 1379 1369 1511 2 1116 1549 1390 1577 
Norway_009375.jpg,1 1595 1374 1843 1724 
Norway_009094.jpg,
Norway_009968.jpg,
Norway_008385.jpg,
Norway_008858.jpg,
Norway_008927.jpg,1 1507 1182 1537 1251 
Norway_008990.jpg,1 1476 1141 1715 2015 
Norway_008312.jpg,1 853 1417 1074 1666 1 1430 1899 1496 2039 1 1618 1413 1676 1514 2 1133 1638 1485 1682 1 700 1517 849 1634 1 1444 1436 1584 1643 
Norway_009087.jpg,
Norway_008194.jpg,
Norway_009878.jpg,
Norway_009915.jpg,
Norway_009963.jpg,1 56 1366 880 1821 3 718 1414 1290 2016 
Norway_008317.jpg,
Norway_009478.jpg,
Norway_010153.jpg,1 1692 1636 1835 2035 
Norway_009617.jpg,
Norway_008829.jpg,1 1361 1282 1525 1548 
Norway_009928.jpg,
Norway_008633.jpg,
Norway_009517.jpg,
Norway_009307.jpg,
Norway_010067.jpg,
Norway_010102.jpg,
Norway_010033.jpg,
Norway_009940.jpg,
Norway_009522.jpg,1 1742 1980 1786 2039 1 1691 1927 1724 1983 1 1589 1984 1617 2040 
Norway_009622.jpg,
Norway_009468.jpg,
Norway_009049.jpg,
Norway_010139.jpg,1 1004 1166 1350 1444 1 1636 1696 1796 2036 1 1621 1214 1676 1299 
Norway_009476.jpg,
Norway_008615.jpg,
Norway_008441.jpg,
Norway_009857.jpg,
Norway_009837.jpg,
Norway_009079.jpg,
Norway_009207.jpg,1 945 1549 1161 2035 1 521 1481 796 1657 1 402 1822 614 2034 1 1205 1341 1304 1532 
Norway_008427.jpg,
Norway_010072.jpg,1 69 1797 418 2036 1 1216 1183 1342 1266 1 1537 1350 1628 1917 1 466 1562 781 1815 1 1387 1670 1519 1798 1 1303 1857 1363 2040 1 668 1551 778 1614 
Norway_009582.jpg,
Norway_008937.jpg,
Norway_009764.jpg,1 600 1256 882 1598 
Norway_008304.jpg,
Norway_009483.jpg,
Norway_008782.jpg,
Norway_009818.jpg,
Norway_009423.jpg,1 1445 1258 1479 1315 
Norway_008419.jpg,
Norway_009965.jpg,
Norway_008530.jpg,2 2 1663 2045 1877 
Norway_008487.jpg,1 1474 1587 1632 1747 4 532 1801 596 1841 1 277 1432 393 1497 1 1432 1797 1494 2040 1 1510 1321 1558 1430 1 910 1308 976 1378 1 438 1879 576 2036 
Norway_009506.jpg,2 1051 1748 1406 1786 3 1325 1617 1668 2016 
Norway_008710.jpg,
Norway_008421.jpg,
Norway_008955.jpg,
Norway_009494.jpg,1 5 1286 799 1664 
Norway_009111.jpg,1 1584 1433 1963 2024 1 1416 1735 1559 2027 1 625 1756 860 2034 3 1168 1119 1349 1265 1 1211 1192 1326 1359 
Norway_009852.jpg,
Norway_008177.jpg,
Norway_010060.jpg,2 0 1656 1780 1763 
Norway_008642.jpg,
Norway_010188.jpg,
Norway_009417.jpg,1 230 1874 381 1997 1 745 1559 817 1626 
Norway_008217.jpg,1 269 1320 867 2009 1 773 1404 1062 2024 
Norway_009809.jpg,
Norway_009992.jpg,
Norway_009990.jpg,
Norway_009717.jpg,
Norway_009801.jpg,2 497 1554 1833 1777 1 1425 1151 1560 1464 1 1490 1382 1631 1744 
Norway_008230.jpg,
Norway_008254.jpg,
Norway_008347.jpg,1 1448 1123 1498 1215 1 1670 1419 1716 1483 
Norway_009406.jpg,
Norway_008472.jpg,1 1230 1584 1393 2035 1 210 1675 516 1942 
Norway_008432.jpg,
Norway_008274.jpg,1 1315 1497 1441 1889 1 1108 1827 1234 2037 1 1427 1188 1492 1267 
Norway_009264.jpg,
Norway_009163.jpg,
Norway_008341.jpg,
Norway_009854.jpg,
Norway_008210.jpg,
Norway_009341.jpg,
Norway_008490.jpg,
Norway_009266.jpg,
Norway_010045.jpg,1 1328 1419 1483 1531 1 1533 1300 1596 1399 1 1307 1582 1370 1839 1 1360 1344 1428 1416 1 19 1302 1205 1903 1 1264 1254 1482 1374 1 1506 1143 1612 1219 1 1659 1635 1742 2037 
Norway_009941.jpg,1 2 1476 634 1960 1 1400 1677 1637 2035 1 1883 1645 2089 2036 1 1374 1226 1531 1703 1 630 1193 1182 1561 1 1650 1322 1849 1579 
Norway_009005.jpg,
Norway_008606.jpg,
Norway_009952.jpg,
Norway_008896.jpg,2 1157 1451 1391 1474 
Norway_009751.jpg,
Norway_008535.jpg,1 1527 1241 1919 2036 1 2067 1823 2302 2033 
Norway_008731.jpg,
Norway_008968.jpg,
Norway_008861.jpg,
Norway_008289.jpg,
Norway_008987.jpg,1 1590 1401 2098 2026 
Norway_008579.jpg,
Norway_009179.jpg,
Norway_008573.jpg,
Norway_009644.jpg,
Norway_009966.jpg,2 803 1736 1313 1795 1 1286 1510 1457 2029 
Norway_009889.jpg,
Norway_008222.jpg,1 738 1517 1056 1912 1 1808 1493 2010 1873 1 1577 1290 1661 1355 
Norway_008745.jpg,
Norway_008770.jpg,1 1374 1350 1434 1456 
Norway_008673.jpg,
Norway_010137.jpg,
Norway_009232.jpg,1 291 1689 731 2031 1 1373 1351 1571 1652 1 1755 1764 1846 2036 1 1630 1618 1694 1820 1 7 1373 812 1715 1 929 1384 1110 1542 1 857 1545 989 1717 1 1067 1319 1168 1383 1 247 1474 429 1536 
Norway_009741.jpg,1 539 1302 771 1428 1 23 1423 507 1664 
Norway_008806.jpg,
Norway_010184.jpg,
Norway_009909.jpg,
Norway_009508.jpg,1 1470 1412 1549 1562 2 1 1794 720 1854 
Norway_009325.jpg,
Norway_009016.jpg,
Norway_009038.jpg,
Norway_008287.jpg,
Norway_009752.jpg,1 2163 1766 2435 2036 
Norway_009761.jpg,
Norway_010054.jpg,
Norway_009954.jpg,
Norway_009042.jpg,
Norway_010119.jpg,
Norway_010152.jpg,
Norway_008173.jpg,1 1386 1583 1584 2028 
Norway_008784.jpg,
Norway_009777.jpg,
Norway_009257.jpg,
Norway_009624.jpg,
Norway_008508.jpg,
Norway_008679.jpg,1 1 1504 359 1666 
Norway_008548.jpg,1 524 1312 755 1421 1 810 1425 1209 2029 1 21 1536 272 1662 1 1401 1341 1730 2031 1 381 1414 875 1759 1 331 1469 412 1502 
Norway_008539.jpg,
Norway_009749.jpg,
Norway_009670.jpg,1 1467 1267 1583 1482 
Norway_009285.jpg,2 0 1653 1844 1727 1 1509 1224 1535 1260 
Norway_008311.jpg,
Norway_010150.jpg,
Norway_009017.jpg,
Norway_009424.jpg,1 931 1428 1135 1716 1 635 1676 902 2032 1 975 1209 1107 1282 1 412 1739 655 1969 1 7 1415 476 1635 1 1131 1262 1236 1323 1 1332 1685 1416 2036 1 1808 1505 2027 1687 1 703 1453 889 1567 1 1149 1566 1193 1662 1 1988 1768 2149 2033 1 1353 1322 1401 1502 1 478 1637 585 1767 1 1178 1288 1300 1357 1 1256 1499 1376 1594 1 1420 1323 1469 1405 2 1027 1356 1249 1396 
Norway_009072.jpg,
Norway_009342.jpg,
Norway_009437.jpg,
Norway_009683.jpg,
Norway_008403.jpg,
Norway_008774.jpg,
Norway_010084.jpg,
Norway_008904.jpg,
Norway_008354.jpg,
Norway_008473.jpg,1 685 1331 806 1459 
Norway_009523.jpg,1 1550 1309 1603 1404 
Norway_009144.jpg,
Norway_008668.jpg,
Norway_010104.jpg,
Norway_008168.jpg,
Norway_008605.jpg,1 55 1430 254 1531 
Norway_009093.jpg,
Norway_010058.jpg,1 1550 1239 1769 1604 
Norway_009383.jpg,1 1397 1371 1545 2038 1 1480 1248 1544 1386 
Norway_009830.jpg,
Norway_009609.jpg,
Norway_009477.jpg,
Norway_008892.jpg,
Norway_009943.jpg,
Norway_010036.jpg,
Norway_009248.jpg,1 0 1562 240 1684 2 965 1928 2101 1995 
Norway_008610.jpg,3 198 1587 692 2033 
Norway_009895.jpg,1 1069 1762 1222 2038 1 1191 1453 1231 1525 
Norway_009118.jpg,
Norway_008235.jpg,
Norway_009015.jpg,
Norway_008751.jpg,
Norway_008520.jpg,1 879 1449 1089 1671 1 1032 1506 1130 1754 1 954 1806 1034 2022 1 436 1527 829 1704 
Norway_008193.jpg,1 2002 1587 2303 1972 
Norway_009332.jpg,
Norway_008229.jpg,
Norway_008446.jpg,4 2124 1417 2287 1480 4 1898 1406 2064 1469 
Norway_008796.jpg,
Norway_009629.jpg,
Norway_009628.jpg,1 14 1452 626 1860 
Norway_010031.jpg,1 532 1398 682 1521 1 392 1571 471 1633 
Norway_008470.jpg,
Norway_009766.jpg,
Norway_008207.jpg,
Norway_009782.jpg,
Norway_008291.jpg,
Norway_009640.jpg,
Norway_009180.jpg,2 16 1686 1872 1937 
Norway_008792.jpg,1 1327 1435 1450 2039 1 1385 1314 1434 1399 1 1201 1162 1249 1211 1 1435 1138 1530 1436 
Norway_009783.jpg,2 1318 1592 1699 1638 
Norway_008847.jpg,
Norway_009158.jpg,4 677 1759 850 1826 
Norway_009934.jpg,
Norway_009280.jpg,
Norway_008688.jpg,
Norway_008879.jpg,
Norway_010175.jpg,
Norway_008283.jpg,
Norway_009022.jpg,
Norway_008724.jpg,
Norway_009606.jpg,
Norway_009190.jpg,
Norway_009744.jpg,
Norway_008920.jpg,1 1 1728 227 1904 1 3 1798 360 1997 1 1066 1253 1380 1521 1 1070 1408 1509 2032 1 1496 1252 1578 1356 1 1489 1335 1581 1444 1 559 1522 1023 2031 1 1439 1201 1478 1267 
Norway_009969.jpg,
Norway_008499.jpg,
Norway_008989.jpg,
Norway_009747.jpg,1 1408 1318 1458 1424 1 247 1305 896 1567 1 0 1593 130 1660 1 1430 1164 1469 1247 1 1544 1378 1595 1440 1 1541 1247 1565 1281 
Norway_008840.jpg,
Norway_008374.jpg,
Norway_009721.jpg,
Norway_008247.jpg,1 1736 1373 1805 1475 2 5 1608 1930 1752 2 285 1526 803 1625 1 1443 1189 1495 1362 
Norway_008918.jpg,
Norway_009393.jpg,
Norway_010158.jpg,1 1680 1756 1768 2039 1 960 1509 1051 1590 1 820 1903 925 2007 1 1117 1428 1213 1506 1 1442 1804 1489 1867 1 1517 1557 1549 1632 1 1504 1736 1536 1817 
Norway_010004.jpg,
Norway_008907.jpg,2 0 1566 1964 1618 
Norway_008309.jpg,
Norway_010043.jpg,
Norway_009559.jpg,
Norway_008960.jpg,
Norway_009454.jpg,
Norway_009337.jpg,
Norway_009958.jpg,1 1514 1211 1559 1310 2 0 1808 2172 1911 
Norway_008953.jpg,
Norway_009601.jpg,
Norway_009850.jpg,
Norway_008824.jpg,
Norway_008704.jpg,
Norway_008402.jpg,1 685 1358 763 1403 
Norway_009827.jpg,
Norway_009138.jpg,
Norway_009708.jpg,
Norway_008414.jpg,
Norway_009939.jpg,
Norway_010009.jpg,
Norway_009826.jpg,1 1550 1718 1661 1862 
Norway_009677.jpg,
Norway_009920.jpg,
Norway_009553.jpg,1 1336 1206 1513 1426 
Norway_010185.jpg,
Norway_009012.jpg,
Norway_008588.jpg,2 488 1563 2584 1674 1 2266 1289 2517 1410 
Norway_009700.jpg,
Norway_009569.jpg,1 583 1254 871 1406 
Norway_009401.jpg,1 832 1425 958 1596 1 638 1695 726 1778 
Norway_008690.jpg,
Norway_008798.jpg,
Norway_008253.jpg,
Norway_009377.jpg,
Norway_010110.jpg,
Norway_008754.jpg,
Norway_009308.jpg,
Norway_009420.jpg,
Norway_008238.jpg,
Norway_009116.jpg,2 872 1122 1102 1164 
Norway_008383.jpg,1 296 1791 518 1956 1 578 1535 1126 2021 1 1278 1320 1363 1407 1 1832 1799 1931 2035 1 1936 1523 2050 1824 1 1339 1404 1403 1547 1 1315 1753 1429 2035 
Norway_008357.jpg,
Norway_010006.jpg,3 2737 1203 3206 1304 
Norway_009126.jpg,1 1562 1527 1687 2026 
Norway_008924.jpg,
Norway_009972.jpg,
Norway_009303.jpg,
Norway_008337.jpg,
Norway_008873.jpg,
Norway_009552.jpg,
Norway_008225.jpg,1 1 1411 702 1775 
Norway_009199.jpg,3 1108 1287 1383 1727 1 461 1726 769 2038 1 1696 1582 1775 1740 1 744 1572 882 1701 
Norway_009020.jpg,
Norway_009491.jpg,
Norway_008750.jpg,
Norway_008299.jpg,1 3 1156 1127 1774 
Norway_009554.jpg,
Norway_008877.jpg,
Norway_009662.jpg,
Norway_008450.jpg,
Norway_008578.jpg,
Norway_010115.jpg,1 1791 1679 1991 2038 1 1640 1381 1781 1643 
Norway_009400.jpg,
Norway_009587.jpg,
Norway_008400.jpg,
Norway_008478.jpg,
Norway_008839.jpg,1 1754 1433 2146 2032 
Norway_008816.jpg,1 106 1289 398 1436 
Norway_009202.jpg,
Norway_009241.jpg,1 1455 1345 1973 2026 
Norway_009339.jpg,
Norway_008957.jpg,
Norway_008327.jpg,
Norway_008902.jpg,2 186 1380 1737 1489 2 0 1571 1867 1653 1 1539 1041 1640 1417 
Norway_008702.jpg,
Norway_009912.jpg,
Norway_009745.jpg,
Norway_010099.jpg,
Norway_008215.jpg,
Norway_008909.jpg,1 203 1360 988 2029 1 625 1261 877 1449 
Norway_009618.jpg,
Norway_008422.jpg,
Norway_009975.jpg,
Norway_008677.jpg,1 712 1743 838 2034 1 1579 1656 1671 2036 1 1646 1251 1763 1488 1 1483 1555 1555 1674 1 1181 1635 1282 1873 1 1293 1324 1372 1484 1 1417 1448 1500 1589 
Norway_009892.jpg,1 1451 1668 1696 2027 
Norway_009289.jpg,
Norway_008285.jpg,
Norway_008333.jpg,
Norway_008292.jpg,1 1453 1211 1546 1295 
Norway_010163.jpg,
Norway_010143.jpg,
Norway_009188.jpg,1 1 1066 985 1580 
Norway_008859.jpg,1 1778 1489 2101 2033 1 1592 1228 1760 1499 
Norway_009848.jpg,
Norway_009739.jpg,
Norway_009262.jpg,2 579 1421 1179 1509 
Norway_008977.jpg,
Norway_009227.jpg,
Norway_009780.jpg,
Norway_010079.jpg,
Norway_009135.jpg,1 1120 1319 1190 1391 
Norway_009013.jpg,
Norway_009504.jpg,
Norway_008933.jpg,
Norway_009182.jpg,
Norway_008457.jpg,
Norway_008263.jpg,
Norway_008340.jpg,3 855 1360 1225 1533 3 1420 1465 1844 2034 
Norway_010002.jpg,
Norway_008638.jpg,
Norway_008954.jpg,
Norway_010108.jpg,1 1743 1484 2055 2030 
Norway_008695.jpg,
Norway_008763.jpg,
Norway_008474.jpg,
Norway_009959.jpg,
Norway_008489.jpg,1 646 1261 1192 2034 
Norway_008818.jpg,
Norway_009732.jpg,1 324 1793 534 2035 1 1477 1275 1601 1454 1 1008 1206 1236 1396 1 1993 1540 2524 2024 2 36 1711 418 1757 2 933 1522 1972 1570 
Norway_008854.jpg,
Norway_008982.jpg,
Norway_009402.jpg,
Norway_010053.jpg,
Norway_009004.jpg,1 1158 1397 1398 1779 1 1651 1600 1900 2035 1 1023 1691 1134 2038 1 1522 1185 1617 1497 1 1463 1476 1629 1656 2 89 1811 997 1962 1 4 1519 427 1866 2 1596 1858 2203 1969 1 1569 1789 1650 2037 1 1319 1249 1394 1338 1 1450 1647 1505 1780 
Norway_009696.jpg,
Norway_009378.jpg,
Norway_008630.jpg,
Norway_008387.jpg,1 1427 1779 1574 2039 2 896 1499 1706 1590 1 1612 1271 1733 1539 1 1440 1240 1474 1321 1 1434 1136 1453 1210 1 1470 1202 1491 1242 
Norway_008705.jpg,
Norway_008589.jpg,1 1839 1508 2315 2032 
Norway_009409.jpg,
Norway_009703.jpg,
Norway_008779.jpg,
Norway_010155.jpg,1 343 1665 429 1782 
Norway_009292.jpg,3 1447 1348 2124 2038 3 8 1596 501 1750 3 1244 1174 1476 1302 
Norway_008664.jpg,
Norway_009521.jpg,
Norway_008558.jpg,
Norway_009165.jpg,1 1652 1534 1738 1680 
Norway_009834.jpg,
Norway_008464.jpg,1 596 1351 965 1620 1 1388 1550 1465 1674 2 878 1767 1416 2036 1 1764 1676 1823 1872 2 1611 1861 2235 1995 1 1112 1941 1169 2040 
Norway_008585.jpg,
Norway_010151.jpg,
Norway_009253.jpg,1 478 1211 588 1273 1 1845 1552 2492 2024 
Norway_010101.jpg,
Norway_008863.jpg,
Norway_009025.jpg,1 219 1482 863 1889 1 888 1533 1040 1615 1 2 1579 471 1796 3 1554 1185 1680 1309 1 1684 1333 1732 1439 1 636 1365 848 1453 1 527 1446 730 1545 
Norway_008433.jpg,1 1359 1286 1485 1416 
Norway_009563.jpg,
Norway_008244.jpg,1 772 1456 967 1608 1 1354 1820 1455 2034 1 144 1642 543 1988 
Norway_008780.jpg,
Norway_008787.jpg,
Norway_009120.jpg,
Norway_010059.jpg,
Norway_008204.jpg,
Norway_009901.jpg,1 1529 1410 1832 1797 
Norway_008804.jpg,1 1546 1786 1663 2037 1 1506 1553 1582 1734 1 1454 1269 1585 1489 
Norway_009443.jpg,2 0 1856 2313 1956 1 1153 1209 1317 1282 1 72 1561 211 1629 
Norway_008510.jpg,
Norway_009584.jpg,1 1317 1459 1382 1778 1 1422 1712 1518 1936 1 1443 1310 1509 1502 1 1475 1219 1522 1300 1 1138 1205 1232 1285 1 1514 1306 1548 1367 1 1535 1708 1588 1840 1 477 1584 787 1854 1 1585 1829 1655 2040 
Norway_009181.jpg,1 672 1557 940 1780 1 1 1720 293 1890 1 558 1444 776 1647 1 1745 1684 1944 2030 1 900 1878 977 2030 1 1763 1428 1852 1628 1 1257 1308 1329 1373 1 880 1234 1058 1314 1 1295 1144 1340 1178 
Norway_009849.jpg,
Norway_009989.jpg,
Norway_009152.jpg,1 1705 1657 1896 2036 1 1544 1324 1822 1669 
Norway_008752.jpg,
Norway_009658.jpg,
Norway_009564.jpg,
Norway_008850.jpg,
Norway_010081.jpg,
Norway_008631.jpg,
Norway_009028.jpg,
Norway_009154.jpg,
Norway_008671.jpg,
Norway_008219.jpg,
Norway_009086.jpg,
Norway_009316.jpg,
Norway_010199.jpg,
Norway_008290.jpg,
Norway_009096.jpg,
Norway_008308.jpg,1 1553 1306 1626 1470 1 1259 1189 1316 1240 
Norway_009661.jpg,1 1306 1799 1400 2033 
Norway_009299.jpg,
Norway_008466.jpg,
Norway_009729.jpg,
Norway_009172.jpg,
Norway_009733.jpg,
Norway_008948.jpg,
Norway_009598.jpg,1 738 1652 1010 2035 1 1110 1263 1231 1591 1 4 1170 1066 1885 1 1208 1157 1294 1254 2 4 1916 357 2037 2 460 1608 1459 1682 1 1 1453 295 1610 
Norway_009776.jpg,1 1 1618 376 1923 1 1364 1374 1507 2034 1 439 1376 634 1512 1 485 1334 855 1615 1 1221 1102 1290 1220 1 879 1271 937 1336 2 387 1543 560 1570 
Norway_008572.jpg,
Norway_008835.jpg,4 1263 1527 1356 1582 4 1252 1469 1343 1509 
Norway_009214.jpg,
Norway_009880.jpg,1 3 1312 926 1932 
Norway_008526.jpg,
Norway_009900.jpg,
Norway_008370.jpg,1 1705 1575 2060 2023 
Norway_008386.jpg,
Norway_009115.jpg,
Norway_008288.jpg,2 604 1536 784 1566 
Norway_009639.jpg,
Norway_009678.jpg,
Norway_009440.jpg,
Norway_009191.jpg,
Norway_009835.jpg,1 1787 1639 1849 1771 
Norway_008822.jpg,1 1202 1222 1274 1366 1 1350 1621 1389 1702 1 1396 1736 1500 1875 
Norway_008330.jpg,
Norway_008790.jpg,
Norway_009397.jpg,
Norway_009838.jpg,
Norway_009380.jpg,1 743 1635 843 1704 1 585 1876 625 1959 
Norway_009720.jpg,
Norway_009577.jpg,
Norway_009648.jpg,
Norway_009275.jpg,
Norway_009947.jpg,
Norway_009882.jpg,
Norway_009040.jpg,
Norway_009651.jpg,
Norway_008708.jpg,
Norway_009825.jpg,
Norway_008723.jpg,
Norway_010083.jpg,
Norway_009327.jpg,
Norway_009283.jpg,
Norway_008549.jpg,
Norway_010082.jpg,1 569 1439 880 1655 1 561 1715 722 1862 
Norway_008640.jpg,1 1 1409 579 1644 
Norway_008856.jpg,
Norway_010194.jpg,2 1339 1642 1835 1745 2 1035 1682 1297 1716 1 425 1344 602 1429 
Norway_008529.jpg,
Norway_008501.jpg,
Norway_009160.jpg,
Norway_008187.jpg,
Norway_008332.jpg,
Norway_008888.jpg,
Norway_009863.jpg,
Norway_008581.jpg,
Norway_009366.jpg,
Norway_009790.jpg,
Norway_008364.jpg,
Norway_009326.jpg,
Norway_008692.jpg,
Norway_009297.jpg,
Norway_008443.jpg,
Norway_009526.jpg,
Norway_009329.jpg,
Norway_008492.jpg,
Norway_009407.jpg,1 263 1412 553 1540 
Norway_009873.jpg,
Norway_008517.jpg,
Norway_008184.jpg,
Norway_009945.jpg,
Norway_008586.jpg,
Norway_008162.jpg,
Norway_008294.jpg,
Norway_008521.jpg,1 1010 1224 1110 1291 
Norway_009305.jpg,
Norway_008269.jpg,
Norway_008570.jpg,
Norway_008681.jpg,1 1397 1245 2019 2005 
Norway_009798.jpg,
Norway_009911.jpg,1 1 1504 354 1681 
Norway_009293.jpg,
Norway_009917.jpg,1 1508 1278 1580 1364 1 1565 1848 1666 2027 1 421 1708 771 2032 1 1004 1224 1233 1443 1 764 1466 986 1683 
Norway_009110.jpg,
Norway_009510.jpg,
Norway_009029.jpg,
Norway_009006.jpg,2 0 1744 2073 1854 
Norway_009481.jpg,
