United_States_005147.jpg,1 253 424 285 547 1 447 514 547 637 
United_States_005050.jpg,1 365 511 388 568 
United_States_005026.jpg,1 0 395 133 531 2 0 553 141 585 1 243 442 265 506 
United_States_005665.jpg,1 425 477 624 622 
United_States_005419.jpg,3 341 418 582 638 2 0 527 148 563 2 0 475 121 498 
United_States_005633.jpg,1 237 529 291 639 
United_States_005395.jpg,2 191 492 517 564 1 461 469 558 585 1 395 393 421 464 2 525 521 639 544 2 230 462 329 479 
United_States_005472.jpg,1 122 478 156 581 
United_States_005119.jpg,2 271 457 342 474 
United_States_004977.jpg,1 282 533 375 581 
United_States_005057.jpg,1 407 561 523 629 1 303 522 378 639 
United_States_005290.jpg,1 196 381 226 545 1 455 471 538 540 
United_States_005225.jpg,3 167 372 393 632 
United_States_004953.jpg,1 0 467 78 620 1 212 457 295 639 2 482 599 639 639 2 8 411 366 472 
United_States_005783.jpg,2 443 532 639 567 
United_States_004937.jpg,1 178 387 262 558 2 0 581 117 607 1 1 387 136 460 1 369 458 478 581 
United_States_005350.jpg,1 149 381 234 568 
United_States_005864.jpg,1 159 393 280 637 
United_States_005766.jpg,1 290 501 339 638 
United_States_005218.jpg,1 23 376 246 617 2 173 475 352 508 2 238 522 479 586 
United_States_005270.jpg,1 458 589 513 639 
United_States_005816.jpg,1 480 526 579 638 
United_States_005830.jpg,2 0 537 126 561 2 61 540 346 636 
United_States_005410.jpg,2 0 500 231 548 
United_States_005923.jpg,1 56 363 272 612 
United_States_004945.jpg,2 154 437 353 466 1 232 391 262 637 
United_States_005748.jpg,2 83 481 234 506 
United_States_005569.jpg,1 226 380 256 543 
United_States_005829.jpg,1 211 444 243 514 1 49 532 167 593 
United_States_005460.jpg,1 347 455 404 635 3 106 420 261 631 
United_States_005688.jpg,1 329 449 425 550 2 147 524 336 562 
United_States_005288.jpg,1 300 407 378 637 2 202 460 308 479 
United_States_004888.jpg,1 0 442 105 558 1 316 471 407 636 
United_States_005764.jpg,1 82 388 190 634 1 229 376 301 637 
United_States_004871.jpg,2 0 502 187 580 3 177 389 445 636 
United_States_005760.jpg,2 288 449 490 498 
United_States_004832.jpg,1 285 388 386 635 1 441 512 557 637 
United_States_005036.jpg,1 59 399 194 556 
United_States_005896.jpg,1 182 460 227 638 
United_States_004833.jpg,1 273 430 317 638 
United_States_005476.jpg,1 162 550 191 638 1 277 377 385 634 
United_States_005299.jpg,1 195 387 265 482 
United_States_005347.jpg,1 305 380 547 634 1 208 404 249 566 1 272 561 309 638 
United_States_005628.jpg,1 116 497 177 638 
United_States_005819.jpg,2 84 445 235 471 1 185 412 272 635 
United_States_005149.jpg,2 114 468 248 487 1 236 444 281 552 
United_States_005874.jpg,3 255 404 356 522 1 105 510 169 595 
United_States_005383.jpg,1 78 522 130 555 
United_States_005098.jpg,2 62 552 213 603 
United_States_005337.jpg,1 365 508 415 592 
United_States_005408.jpg,2 56 551 271 626 2 0 484 141 510 
United_States_005841.jpg,1 157 448 210 592 1 98 406 172 486 1 277 398 307 484 
United_States_005712.jpg,3 296 499 462 639 
United_States_005013.jpg,2 19 500 244 616 1 309 387 344 500 
United_States_005950.jpg,1 361 411 422 635 1 319 442 344 550 
United_States_005029.jpg,1 136 392 242 556 
United_States_005892.jpg,1 231 474 300 638 1 206 387 230 442 
United_States_005700.jpg,2 5 501 427 566 1 183 437 224 555 
United_States_005495.jpg,3 1 360 420 636 
United_States_005359.jpg,1 273 511 307 556 
United_States_004883.jpg,2 0 470 360 563 
United_States_005127.jpg,3 0 472 256 623 
United_States_005064.jpg,
United_States_005662.jpg,3 204 412 630 638 1 13 479 153 616 
United_States_004979.jpg,1 23 447 85 509 
United_States_005107.jpg,2 81 481 489 511 
United_States_005721.jpg,
United_States_005279.jpg,1 513 488 634 623 
United_States_004939.jpg,1 53 400 147 636 
United_States_004989.jpg,4 354 429 389 445 
United_States_004881.jpg,4 242 504 261 537 4 255 463 274 480 2 111 427 253 446 
United_States_005240.jpg,1 336 413 487 634 
United_States_005081.jpg,1 155 449 193 555 2 9 497 154 521 
United_States_005144.jpg,1 183 553 235 639 1 311 568 368 639 
United_States_005085.jpg,1 28 513 97 619 2 0 446 214 469 
United_States_005241.jpg,2 333 493 494 521 
United_States_005717.jpg,1 151 477 250 637 
United_States_004895.jpg,4 125 480 164 516 
United_States_005581.jpg,1 393 562 418 614 
United_States_005492.jpg,2 142 525 374 581 1 276 425 310 496 2 504 448 638 477 1 452 438 510 477 3 35 470 173 613 1 348 467 387 536 
United_States_004964.jpg,1 417 501 551 635 2 291 482 469 527 
United_States_005763.jpg,1 388 397 497 613 
United_States_005216.jpg,
United_States_004817.jpg,1 328 387 407 461 2 126 517 350 575 1 308 406 457 609 2 446 566 549 603 1 38 469 133 619 
United_States_005210.jpg,1 257 494 286 570 2 165 574 264 597 
United_States_005959.jpg,3 246 442 498 638 2 0 536 271 587 
United_States_005145.jpg,1 337 497 409 639 2 78 582 196 606 1 243 522 282 639 
United_States_005321.jpg,2 154 435 347 464 1 240 407 274 637 
United_States_004916.jpg,
United_States_005616.jpg,1 0 566 25 621 
United_States_005882.jpg,
United_States_005500.jpg,1 21 526 143 618 
United_States_005229.jpg,
United_States_004976.jpg,3 139 400 266 553 
United_States_006004.jpg,1 412 412 638 513 3 0 407 114 622 
United_States_005076.jpg,2 0 481 495 572 
United_States_005078.jpg,1 0 392 147 600 3 227 421 487 637 
United_States_005822.jpg,1 14 413 178 613 
United_States_005363.jpg,1 110 389 223 637 1 377 429 542 633 
United_States_004901.jpg,1 54 452 130 633 
United_States_005831.jpg,1 17 416 166 555 2 111 475 474 513 1 397 498 522 632 
United_States_005847.jpg,1 196 400 234 638 2 0 437 166 476 
United_States_004841.jpg,1 232 418 264 537 
United_States_005825.jpg,1 189 379 224 459 
United_States_005565.jpg,2 402 537 639 580 1 357 377 425 637 
United_States_005785.jpg,1 290 412 415 635 1 231 457 258 638 
United_States_005869.jpg,1 455 533 568 638 
United_States_005464.jpg,1 456 505 598 623 
United_States_005284.jpg,1 68 467 159 636 1 0 463 80 558 
United_States_005846.jpg,1 157 530 177 577 
United_States_005756.jpg,1 510 603 544 639 1 259 477 286 638 1 359 599 391 639 
United_States_005420.jpg,1 116 436 207 567 1 227 379 273 547 1 0 389 134 464 1 363 415 437 518 
United_States_005529.jpg,1 129 515 232 638 
United_States_005024.jpg,1 175 479 204 564 2 64 544 173 569 
United_States_005426.jpg,1 12 447 160 621 1 209 396 239 465 1 294 418 309 457 2 508 592 575 639 
United_States_005052.jpg,3 87 416 354 638 
United_States_005494.jpg,1 367 401 498 535 1 186 395 257 637 2 0 468 210 496 
United_States_005019.jpg,1 112 425 179 536 1 266 396 389 636 
United_States_005358.jpg,1 43 445 128 605 2 266 442 407 478 2 0 510 88 532 
United_States_005217.jpg,1 406 443 601 621 
United_States_004932.jpg,1 166 455 201 593 1 245 397 452 620 
United_States_005769.jpg,1 106 472 161 583 2 2 440 311 488 
United_States_005054.jpg,1 209 371 232 444 1 221 500 243 556 
United_States_005736.jpg,2 1 469 226 504 2 171 427 370 467 
United_States_005696.jpg,2 3 503 200 529 2 178 525 637 597 
United_States_005597.jpg,2 0 444 324 490 
United_States_005393.jpg,1 262 371 301 451 1 0 440 108 510 2 134 465 293 488 
United_States_004845.jpg,1 359 467 417 552 
United_States_004854.jpg,1 110 571 146 638 2 1 433 189 457 
United_States_004913.jpg,2 71 489 636 547 
United_States_005854.jpg,3 0 388 210 608 
United_States_004933.jpg,1 0 524 128 618 
United_States_005646.jpg,1 208 486 238 555 2 467 592 610 620 1 301 552 338 639 
United_States_004927.jpg,4 351 561 376 580 
United_States_005286.jpg,1 249 389 291 533 
United_States_005797.jpg,1 236 408 262 484 
United_States_005042.jpg,1 364 431 426 548 1 90 430 199 552 2 425 514 612 548 
United_States_005726.jpg,1 293 370 325 461 2 4 512 191 540 1 184 462 235 534 
United_States_005242.jpg,2 85 476 381 637 
United_States_004924.jpg,1 235 406 288 638 
United_States_005657.jpg,1 247 433 298 638 1 308 388 337 448 
United_States_004874.jpg,1 336 405 469 550 1 149 510 217 616 2 3 437 219 462 
United_States_005809.jpg,2 0 483 369 565 
United_States_005209.jpg,1 212 380 294 540 1 336 363 369 456 
United_States_005112.jpg,2 5 517 121 547 
United_States_005117.jpg,1 396 375 638 527 1 272 412 307 566 
United_States_005449.jpg,2 398 507 602 562 
United_States_005436.jpg,1 463 450 607 525 
United_States_005710.jpg,1 404 443 509 634 1 291 433 332 532 1 197 566 257 631 1 519 543 576 638 
United_States_005203.jpg,2 161 516 298 534 
United_States_005842.jpg,1 521 430 632 497 1 317 393 370 544 1 82 508 177 634 
United_States_005514.jpg,1 86 463 209 622 
United_States_005922.jpg,
United_States_004922.jpg,1 112 405 173 551 
United_States_004912.jpg,3 204 479 256 637 1 65 550 144 619 
United_States_005150.jpg,
United_States_005289.jpg,3 0 411 298 618 3 450 493 537 638 
United_States_005530.jpg,3 120 501 205 635 
United_States_005379.jpg,1 314 423 486 637 1 234 419 278 558 
United_States_005794.jpg,1 296 451 328 638 1 5 388 196 563 1 171 450 222 548 2 147 435 276 457 
United_States_005193.jpg,2 436 461 572 486 1 334 400 480 637 1 115 475 182 607 3 188 453 291 638 
United_States_004884.jpg,1 143 375 176 553 3 320 465 623 636 
United_States_005548.jpg,2 79 432 232 454 1 224 381 267 637 
United_States_005795.jpg,1 141 419 161 499 
United_States_005528.jpg,1 23 516 98 606 1 216 473 306 638 
United_States_005235.jpg,1 380 442 407 477 1 293 547 361 638 
United_States_005765.jpg,1 236 428 298 545 
United_States_005560.jpg,1 103 408 165 573 
United_States_005073.jpg,1 51 482 124 612 
United_States_005010.jpg,3 314 410 583 639 3 60 415 179 634 
United_States_005558.jpg,2 0 470 232 514 2 241 417 364 440 1 114 403 168 594 2 0 405 165 430 2 285 473 488 511 1 440 460 634 573 
United_States_005411.jpg,
United_States_005040.jpg,2 242 463 513 508 1 269 510 297 638 
United_States_004857.jpg,2 55 411 211 440 
United_States_005734.jpg,2 130 443 430 484 
United_States_005591.jpg,2 0 493 207 534 
United_States_004821.jpg,1 380 524 473 639 1 128 461 177 637 1 147 359 179 452 1 200 364 217 400 
United_States_005973.jpg,2 0 496 162 519 2 0 528 151 548 
United_States_004891.jpg,1 449 430 636 567 
United_States_005267.jpg,2 79 463 349 510 
United_States_005140.jpg,1 134 502 179 638 
United_States_005261.jpg,1 0 509 98 618 1 430 415 497 468 
United_States_005079.jpg,1 368 434 541 552 
United_States_005647.jpg,2 324 457 457 476 
United_States_005194.jpg,1 364 507 444 632 
United_States_004944.jpg,2 310 478 483 522 1 254 367 333 621 2 7 572 140 598 
United_States_004839.jpg,2 381 491 540 557 
United_States_005009.jpg,1 229 394 264 637 1 57 415 195 635 1 353 455 475 628 2 12 437 554 485 
United_States_004810.jpg,2 225 448 360 470 
United_States_005341.jpg,1 355 444 526 630 
United_States_005489.jpg,1 250 370 417 635 2 324 461 452 493 
United_States_004946.jpg,1 166 410 287 635 1 542 444 639 506 
United_States_005304.jpg,1 191 480 246 638 
United_States_005934.jpg,2 20 558 252 618 1 229 442 256 563 
United_States_004837.jpg,3 56 439 194 611 1 264 477 281 518 
United_States_005108.jpg,1 212 381 242 482 
United_States_005806.jpg,1 60 452 189 635 
United_States_005773.jpg,2 364 542 433 572 
United_States_005451.jpg,1 191 379 238 538 
United_States_005948.jpg,1 224 374 267 636 2 248 495 394 526 2 114 425 231 444 
United_States_005808.jpg,1 165 475 190 568 
United_States_005459.jpg,
United_States_005791.jpg,
United_States_005309.jpg,1 150 410 233 637 
United_States_005443.jpg,1 477 481 621 625 1 364 482 392 566 
United_States_005278.jpg,1 291 496 403 590 1 183 535 205 608 1 79 521 140 637 
United_States_004812.jpg,1 438 538 544 636 
United_States_005614.jpg,1 7 483 178 617 
United_States_005243.jpg,1 138 425 193 524 1 71 481 132 589 
United_States_005468.jpg,1 7 410 124 537 3 238 574 361 639 2 2 533 84 571 
United_States_005858.jpg,1 3 404 223 604 2 1 540 162 581 
United_States_005669.jpg,1 351 376 394 415 
United_States_005259.jpg,1 419 393 639 619 
United_States_005738.jpg,1 0 422 161 576 1 250 435 293 638 2 88 586 271 627 
United_States_005994.jpg,1 244 388 277 638 1 178 404 213 455 
United_States_005204.jpg,3 349 433 551 633 1 3 436 122 506 
United_States_005582.jpg,1 60 464 189 624 
United_States_005351.jpg,1 130 417 240 634 
United_States_004919.jpg,1 142 516 165 565 
United_States_005691.jpg,3 85 413 390 634 
United_States_005683.jpg,2 23 480 510 559 1 214 401 258 636 
United_States_005580.jpg,1 10 515 93 616 3 172 400 230 604 
United_States_005161.jpg,1 1 478 85 622 2 473 471 612 536 
United_States_004879.jpg,1 287 513 350 569 
United_States_005932.jpg,1 442 468 624 620 2 24 415 409 449 
United_States_005131.jpg,1 130 519 156 582 1 419 429 638 571 3 289 400 540 637 
United_States_005501.jpg,1 313 386 413 635 1 388 411 590 634 1 138 394 251 636 
United_States_005181.jpg,1 290 434 343 533 
United_States_004896.jpg,1 389 399 546 634 
United_States_004969.jpg,3 75 401 454 636 
United_States_005442.jpg,
United_States_005937.jpg,
United_States_004986.jpg,1 316 383 637 568 1 203 451 229 556 1 136 505 164 584 
United_States_005698.jpg,1 366 541 439 638 
United_States_004995.jpg,2 141 533 231 550 
United_States_004954.jpg,3 3 392 391 626 
United_States_005690.jpg,
United_States_004962.jpg,1 70 384 187 633 1 224 391 317 637 
United_States_005414.jpg,1 423 473 465 543 1 297 484 321 532 1 344 425 398 487 
United_States_005053.jpg,1 0 421 135 541 1 192 359 222 414 
United_States_005642.jpg,3 96 389 637 637 
United_States_005554.jpg,2 57 563 205 587 2 294 455 537 522 1 247 454 298 547 2 146 451 253 467 
United_States_005743.jpg,1 96 400 169 521 
United_States_005659.jpg,1 95 526 153 637 1 300 417 508 631 
United_States_005071.jpg,1 451 546 501 639 
United_States_005895.jpg,1 12 435 102 617 
United_States_005177.jpg,1 224 385 391 592 3 382 409 628 513 
United_States_005228.jpg,3 306 449 636 639 
United_States_005109.jpg,1 182 423 251 590 
United_States_005277.jpg,3 253 369 637 561 
United_States_005803.jpg,2 239 483 396 517 
United_States_005758.jpg,1 485 441 634 536 1 293 406 350 539 1 367 404 527 578 2 0 529 166 566 
United_States_004968.jpg,1 37 412 139 618 
United_States_004852.jpg,1 362 562 413 639 
United_States_005824.jpg,1 255 410 291 558 
United_States_005187.jpg,1 4 430 102 573 3 175 494 264 639 
United_States_005650.jpg,3 0 463 137 622 2 28 424 261 448 
United_States_004815.jpg,1 233 516 277 636 
United_States_005577.jpg,
United_States_004824.jpg,1 146 532 230 638 
United_States_005694.jpg,1 477 456 637 557 2 220 454 489 556 
United_States_004961.jpg,1 0 410 95 581 1 217 374 339 477 1 345 421 637 618 
United_States_004902.jpg,3 272 402 341 540 3 188 394 253 499 1 111 549 171 638 
United_States_005668.jpg,
United_States_005705.jpg,1 223 444 295 518 
United_States_005378.jpg,1 342 485 423 579 2 0 480 346 557 1 266 389 314 452 
United_States_005485.jpg,1 304 456 376 598 2 1 516 301 568 
United_States_005660.jpg,1 121 486 208 639 
United_States_005364.jpg,1 20 443 116 622 2 105 425 299 472 
United_States_004820.jpg,2 161 450 495 490 
United_States_005307.jpg,1 408 419 639 535 1 222 394 288 524 1 0 437 77 598 
United_States_005655.jpg,1 449 401 639 509 2 375 507 541 554 1 396 411 526 511 3 161 384 287 638 
United_States_005908.jpg,1 14 493 105 622 
United_States_005589.jpg,
United_States_005636.jpg,1 243 409 307 637 
United_States_004880.jpg,2 0 561 128 585 1 202 475 234 639 
United_States_005159.jpg,1 194 407 264 562 
United_States_005338.jpg,1 85 385 144 520 1 185 402 336 637 
United_States_005619.jpg,1 304 399 333 447 
United_States_005348.jpg,2 88 433 401 550 2 48 559 206 613 
United_States_005550.jpg,1 223 370 286 557 
United_States_004978.jpg,1 128 416 171 581 
United_States_005590.jpg,1 237 403 271 638 
United_States_005954.jpg,2 177 434 312 453 
United_States_005983.jpg,1 563 445 638 512 1 329 410 499 632 
United_States_005455.jpg,1 163 398 247 637 1 345 394 595 624 1 281 415 343 536 
United_States_004938.jpg,2 94 481 237 502 
United_States_004928.jpg,1 392 387 495 637 
United_States_005441.jpg,
United_States_005234.jpg,1 418 445 543 638 
United_States_005111.jpg,1 147 433 239 637 
United_States_005415.jpg,1 17 457 108 520 
United_States_005679.jpg,3 0 391 283 634 1 415 411 639 583 2 474 428 622 460 
United_States_005067.jpg,1 193 457 235 553 
United_States_005603.jpg,1 504 372 639 533 
United_States_005545.jpg,1 196 431 256 636 
United_States_005733.jpg,1 252 512 311 638 
United_States_005318.jpg,1 134 492 214 638 
United_States_005475.jpg,1 0 538 54 619 
United_States_005352.jpg,1 202 398 245 499 1 365 457 515 636 1 409 435 466 482 
United_States_005971.jpg,3 0 414 150 619 
United_States_005579.jpg,1 13 523 91 622 
United_States_005563.jpg,3 137 452 257 526 2 496 574 639 609 2 225 504 404 535 
United_States_004935.jpg,1 0 552 42 626 
United_States_004965.jpg,1 211 370 277 634 2 60 447 241 471 
United_States_005719.jpg,1 433 440 637 624 
United_States_005387.jpg,2 103 501 262 531 2 527 513 636 542 
United_States_005506.jpg,3 14 409 138 623 1 341 515 458 638 
United_States_005334.jpg,2 312 412 570 446 
United_States_005427.jpg,3 75 454 195 590 2 116 418 313 438 
United_States_005893.jpg,2 210 499 638 574 2 446 542 580 576 
United_States_005697.jpg,
United_States_005487.jpg,1 324 418 493 624 2 482 546 639 615 1 171 428 241 637 2 283 519 397 546 1 100 428 173 525 
United_States_005136.jpg,1 411 388 479 565 
United_States_005146.jpg,1 102 476 172 579 3 297 404 494 638 
United_States_004829.jpg,2 0 505 255 546 
United_States_005703.jpg,1 213 453 235 526 2 113 524 263 545 1 260 430 280 488 
United_States_004855.jpg,1 325 430 485 635 2 100 463 214 482 
United_States_005285.jpg,1 32 469 145 584 1 220 464 276 638 1 302 451 388 572 
United_States_005716.jpg,1 386 384 637 609 1 333 411 391 635 
United_States_005780.jpg,1 374 535 424 638 
United_States_005980.jpg,
United_States_004903.jpg,1 131 498 247 638 
United_States_005596.jpg,2 62 602 521 638 
United_States_005610.jpg,1 8 386 131 469 1 115 405 220 634 1 133 378 197 438 2 9 460 194 484 1 288 422 313 506 
United_States_005772.jpg,2 304 435 407 458 
United_States_005867.jpg,1 415 462 565 558 1 66 527 124 638 1 170 440 193 490 
United_States_005034.jpg,1 108 393 198 596 2 171 525 246 552 
United_States_005953.jpg,
United_States_005992.jpg,1 339 382 493 633 2 218 452 386 474 2 461 504 561 525 
United_States_005141.jpg,1 341 554 422 639 
United_States_005988.jpg,1 306 423 384 637 
United_States_005265.jpg,1 331 443 544 629 
United_States_005493.jpg,1 378 555 438 638 3 175 491 326 639 
United_States_005069.jpg,2 304 459 552 537 1 324 409 396 490 1 291 492 337 636 
United_States_005388.jpg,
United_States_004818.jpg,
United_States_004943.jpg,2 281 538 402 557 
United_States_005943.jpg,1 181 505 209 590 
United_States_005392.jpg,1 115 493 206 638 1 167 438 200 484 
United_States_005631.jpg,1 79 498 182 630 
United_States_004929.jpg,1 96 431 128 509 
United_States_005832.jpg,1 269 401 308 441 
United_States_005974.jpg,3 141 453 359 588 
United_States_005800.jpg,1 329 518 375 638 2 0 507 331 552 
United_States_005482.jpg,1 96 421 186 575 
United_States_005828.jpg,1 293 512 378 638 
United_States_005890.jpg,1 51 495 189 634 
United_States_005323.jpg,2 128 422 249 449 2 0 549 201 592 
United_States_005615.jpg,1 393 565 439 638 1 237 527 284 638 
United_States_005933.jpg,2 18 556 235 591 
United_States_005276.jpg,2 376 510 510 542 
United_States_005611.jpg,1 105 389 225 636 
United_States_005325.jpg,1 46 547 110 620 
United_States_004923.jpg,2 489 589 582 608 
United_States_005761.jpg,1 282 399 339 571 2 1 522 187 591 1 540 533 603 600 
United_States_005891.jpg,
United_States_005708.jpg,1 148 386 205 479 1 0 429 105 518 
United_States_005039.jpg,2 559 394 639 413 
United_States_005810.jpg,1 366 451 520 634 
United_States_005220.jpg,1 337 470 388 556 1 408 444 627 621 
United_States_005707.jpg,2 327 506 462 550 1 15 536 81 617 
United_States_005095.jpg,2 442 504 639 541 2 0 518 159 543 1 154 456 212 557 
United_States_005230.jpg,3 55 525 423 638 
United_States_005632.jpg,3 303 372 434 447 
United_States_005063.jpg,1 226 392 276 556 1 303 391 382 546 1 0 444 100 561 
United_States_005004.jpg,2 417 518 638 557 1 214 490 281 544 2 336 486 492 521 
United_States_005185.jpg,2 182 446 369 470 
United_States_005264.jpg,1 299 451 340 542 1 0 471 48 554 
United_States_005637.jpg,3 279 431 430 587 
United_States_006000.jpg,2 267 477 637 570 2 31 580 162 612 1 406 430 460 534 
United_States_005346.jpg,1 140 436 163 477 
United_States_005985.jpg,1 155 568 192 639 
United_States_005991.jpg,2 460 567 593 623 2 281 595 421 639 
United_States_004994.jpg,1 0 446 93 614 
United_States_005709.jpg,2 379 601 464 627 
United_States_004966.jpg,
United_States_005377.jpg,1 312 390 542 636 
United_States_005502.jpg,1 154 426 206 543 1 241 509 346 638 
United_States_005570.jpg,1 76 416 154 582 
United_States_004813.jpg,2 150 530 369 578 
United_States_004909.jpg,1 490 535 560 639 1 415 475 453 538 
United_States_004830.jpg,
United_States_005212.jpg,1 166 431 228 558 
United_States_004823.jpg,1 302 443 334 568 
United_States_005028.jpg,1 423 413 473 466 2 549 598 639 619 3 191 395 331 636 
United_States_005693.jpg,1 91 448 208 634 
United_States_005997.jpg,
United_States_004844.jpg,
United_States_005232.jpg,2 556 542 628 588 
United_States_005964.jpg,2 48 559 216 598 1 415 391 465 505 
United_States_004952.jpg,1 313 389 463 637 
United_States_005005.jpg,2 175 446 368 480 2 219 396 338 412 2 410 502 589 536 2 87 530 410 608 
United_States_005003.jpg,1 40 472 138 619 
United_States_004908.jpg,1 49 531 115 621 2 339 453 569 546 1 248 391 365 636 
United_States_005594.jpg,1 79 416 140 497 1 20 546 105 620 
United_States_005463.jpg,2 2 429 294 485 
United_States_005082.jpg,3 3 373 193 622 
United_States_005742.jpg,1 192 408 256 549 1 411 422 609 622 
United_States_005965.jpg,1 0 517 61 617 1 126 398 161 442 
United_States_005015.jpg,2 495 586 586 631 1 547 459 638 511 
United_States_005656.jpg,1 283 397 407 633 2 0 549 247 594 
United_States_005741.jpg,3 1 393 638 638 
United_States_005886.jpg,3 339 511 437 638 
United_States_005553.jpg,1 84 489 116 551 
United_States_005151.jpg,2 206 548 359 570 1 397 547 460 638 1 150 575 187 639 
United_States_005092.jpg,1 356 418 511 633 2 414 463 639 498 1 233 414 268 560 1 326 406 340 428 
United_States_005319.jpg,1 181 397 275 558 
United_States_005370.jpg,1 393 463 638 610 1 215 420 368 593 
United_States_004985.jpg,1 325 427 385 535 
United_States_005641.jpg,3 84 418 552 638 
United_States_005389.jpg,1 0 404 164 613 
United_States_005293.jpg,1 353 480 406 561 1 486 503 634 621 
United_States_005176.jpg,
United_States_005606.jpg,3 0 403 181 615 
United_States_005308.jpg,2 0 462 220 491 
United_States_004990.jpg,2 0 571 175 597 
United_States_005391.jpg,1 0 373 183 618 1 369 467 542 630 
United_States_005699.jpg,3 208 399 484 638 
United_States_005817.jpg,1 190 406 225 572 
United_States_005461.jpg,1 2 435 124 527 
United_States_005051.jpg,1 135 377 247 635 2 207 476 442 506 1 1 426 94 522 
United_States_005175.jpg,1 0 437 88 528 
United_States_005962.jpg,3 352 446 631 638 1 1 383 178 529 1 266 363 309 472 
United_States_004998.jpg,2 253 542 428 563 
United_States_005138.jpg,2 267 432 465 512 
United_States_005356.jpg,1 222 474 263 638 
United_States_005799.jpg,1 192 480 275 639 2 267 560 431 601 
United_States_004905.jpg,3 272 457 377 637 
United_States_005801.jpg,2 83 507 351 560 1 21 393 201 585 
United_States_005182.jpg,1 158 383 251 629 1 291 378 339 526 
United_States_005345.jpg,3 0 394 210 534 
United_States_005033.jpg,2 134 473 336 511 3 313 434 489 620 
United_States_005056.jpg,1 240 490 300 636 
United_States_005944.jpg,1 261 389 360 635 2 0 573 336 628 
United_States_005440.jpg,2 348 464 571 502 
United_States_005777.jpg,1 53 408 157 618 1 262 468 295 628 1 211 436 240 526 
United_States_005124.jpg,2 0 493 206 522 1 495 406 635 516 1 337 406 451 633 
United_States_004947.jpg,
United_States_005394.jpg,1 157 373 198 486 1 284 470 324 550 2 314 506 385 543 1 415 434 492 465 1 151 488 196 582 2 231 441 287 456 
United_States_005508.jpg,2 143 450 378 479 
United_States_005231.jpg,1 267 465 306 502 1 45 561 92 621 1 114 544 141 637 
United_States_005450.jpg,1 220 519 286 638 
United_States_005049.jpg,2 0 415 249 448 
United_States_005505.jpg,1 354 490 445 637 2 0 454 507 521 
United_States_005667.jpg,2 1 476 284 554 
United_States_005901.jpg,1 180 377 237 489 1 81 521 121 591 
United_States_005258.jpg,1 243 434 288 637 2 0 530 135 559 
United_States_005557.jpg,1 311 442 410 637 2 103 455 315 483 1 477 442 631 521 
United_States_005088.jpg,2 469 519 631 615 2 419 561 506 600 
United_States_005296.jpg,1 256 420 296 544 3 342 404 449 564 2 183 551 318 575 2 539 457 639 476 
United_States_005876.jpg,1 96 483 170 637 
United_States_004859.jpg,2 86 467 346 518 1 273 421 310 477 
United_States_005770.jpg,3 105 400 448 594 2 0 552 165 581 
United_States_005371.jpg,1 304 449 342 533 1 174 511 225 550 
United_States_004956.jpg,2 0 473 206 502 2 291 585 433 622 
United_States_005928.jpg,1 136 404 257 637 2 293 471 466 495 
United_States_005488.jpg,2 11 489 138 512 2 508 458 639 485 
United_States_005223.jpg,3 330 376 583 638 
United_States_005045.jpg,1 112 435 231 634 2 2 477 221 503 
United_States_005899.jpg,3 76 416 551 638 
United_States_005929.jpg,3 272 409 638 603 2 27 531 129 554 
United_States_005599.jpg,2 53 551 361 617 2 0 519 168 551 
United_States_005848.jpg,1 394 388 421 514 
United_States_005521.jpg,3 360 396 635 598 1 124 430 153 511 2 0 494 237 532 2 446 544 522 623 
United_States_005595.jpg,
United_States_005946.jpg,2 0 490 242 547 1 152 405 266 506 
United_States_005967.jpg,2 386 525 513 598 
United_States_005820.jpg,1 98 371 245 521 3 183 387 470 638 
United_States_005872.jpg,1 411 454 531 571 
United_States_004885.jpg,2 434 521 561 582 
United_States_005880.jpg,1 417 440 551 617 
United_States_005990.jpg,2 69 498 161 515 
United_States_005254.jpg,1 91 418 193 629 
United_States_005416.jpg,2 224 588 325 607 
United_States_005406.jpg,2 119 431 490 521 
United_States_005097.jpg,4 336 562 375 596 
United_States_004825.jpg,1 87 448 154 581 1 170 394 199 455 2 162 504 243 535 
United_States_004867.jpg,1 360 585 399 639 
United_States_005976.jpg,3 78 419 562 636 
United_States_005877.jpg,1 400 572 469 639 
United_States_004831.jpg,1 156 439 178 494 
United_States_005246.jpg,1 382 375 425 476 
United_States_005369.jpg,1 404 450 578 617 
United_States_005714.jpg,
United_States_005133.jpg,1 277 452 331 554 
United_States_005135.jpg,1 414 414 636 565 
United_States_004988.jpg,1 388 487 535 636 
United_States_005999.jpg,1 318 492 404 637 
United_States_005638.jpg,4 285 466 323 487 
United_States_005499.jpg,1 112 407 140 472 1 101 504 127 573 1 53 477 76 508 
United_States_005130.jpg,1 153 541 194 639 2 0 459 101 481 1 21 505 45 541 
United_States_005775.jpg,3 411 526 554 639 
United_States_005070.jpg,2 9 435 287 480 
United_States_004975.jpg,1 102 414 231 624 
United_States_004981.jpg,2 0 510 223 548 
United_States_005958.jpg,1 329 446 392 638 1 313 388 329 427 
United_States_005385.jpg,2 107 405 237 427 1 93 433 224 636 
United_States_004940.jpg,2 0 461 137 492 1 19 410 184 625 
United_States_005271.jpg,3 0 406 361 638 1 353 398 554 627 1 456 417 633 520 
United_States_004906.jpg,2 257 531 383 559 
United_States_005730.jpg,1 0 407 138 583 
United_States_005423.jpg,1 358 494 407 588 
United_States_005215.jpg,
United_States_005336.jpg,1 342 406 588 636 2 0 551 124 577 1 463 445 612 527 
United_States_005168.jpg,2 129 546 287 592 
United_States_005404.jpg,1 105 450 129 503 
United_States_005728.jpg,3 0 385 513 637 
United_States_004856.jpg,1 409 389 611 622 2 0 548 150 582 1 161 404 232 495 
United_States_004941.jpg,1 364 479 451 630 
United_States_005447.jpg,2 478 554 588 575 
United_States_005623.jpg,2 147 462 612 511 2 68 550 158 616 
United_States_005724.jpg,1 135 507 260 638 1 0 518 104 612 1 393 552 465 638 
United_States_005190.jpg,
United_States_005531.jpg,
United_States_005875.jpg,
United_States_005826.jpg,1 329 512 386 639 
United_States_005918.jpg,1 9 444 112 616 
United_States_005544.jpg,1 134 434 177 582 
United_States_005263.jpg,1 433 432 638 574 1 112 409 167 491 2 462 581 639 615 
United_States_005702.jpg,1 414 451 568 567 1 0 406 151 556 2 383 538 602 628 
United_States_004972.jpg,1 0 511 117 607 2 5 422 265 450 
United_States_004848.jpg,2 493 569 638 634 1 383 523 448 610 
United_States_005813.jpg,1 278 407 391 545 
United_States_005014.jpg,1 20 488 144 625 
United_States_005925.jpg,
United_States_004847.jpg,2 37 450 463 579 
United_States_005236.jpg,
United_States_005086.jpg,
United_States_005180.jpg,1 325 403 458 582 
United_States_005640.jpg,2 53 434 386 494 
United_States_005162.jpg,1 584 470 639 521 
United_States_005865.jpg,1 368 508 408 638 
United_States_005035.jpg,2 344 515 528 554 
United_States_005483.jpg,2 245 479 357 502 2 339 444 525 466 
United_States_005428.jpg,3 3 426 265 563 
United_States_004959.jpg,1 391 530 461 638 
United_States_005184.jpg,2 0 449 233 487 1 262 435 359 638 1 432 438 638 554 1 342 427 574 637 
United_States_005115.jpg,1 229 529 264 582 
United_States_004934.jpg,2 0 506 107 529 1 199 417 250 504 
United_States_005873.jpg,1 382 400 528 630 2 211 446 592 477 
United_States_005612.jpg,1 41 512 89 609 
United_States_005340.jpg,1 0 526 63 599 
United_States_004865.jpg,2 216 429 311 461 
United_States_005670.jpg,1 45 455 120 619 
United_States_005373.jpg,1 152 373 192 468 
United_States_005297.jpg,1 366 461 427 556 
United_States_005645.jpg,1 82 450 110 500 1 55 412 78 447 
United_States_005955.jpg,1 426 443 597 624 1 33 518 125 626 
United_States_005031.jpg,2 10 499 233 532 
United_States_005879.jpg,1 2 394 136 506 
United_States_005437.jpg,1 359 533 398 639 3 109 498 267 638 
United_States_005249.jpg,1 396 503 464 638 
United_States_005897.jpg,1 392 475 445 562 2 489 492 639 517 1 31 462 190 615 
United_States_005313.jpg,1 443 401 631 624 
United_States_005608.jpg,3 2 393 443 637 
United_States_005526.jpg,1 187 428 257 546 1 20 377 163 450 4 322 417 339 438 1 313 381 359 540 
United_States_005722.jpg,1 110 465 157 638 
United_States_004849.jpg,1 375 426 553 635 
United_States_005744.jpg,1 238 423 277 638 1 0 366 136 454 
United_States_004900.jpg,
United_States_005173.jpg,1 286 478 316 544 
United_States_005090.jpg,1 369 392 425 442 1 233 459 342 543 1 442 467 506 543 
United_States_005938.jpg,1 358 565 432 639 
United_States_005342.jpg,1 177 433 207 551 
United_States_004806.jpg,3 81 386 402 584 2 398 534 565 576 2 472 582 636 627 
United_States_004805.jpg,
United_States_005814.jpg,1 132 433 245 636 
United_States_005471.jpg,1 480 521 520 612 
United_States_005689.jpg,1 225 445 263 535 
United_States_005676.jpg,3 363 447 631 566 
United_States_005294.jpg,3 167 402 332 546 
United_States_005731.jpg,1 9 481 191 617 4 405 531 426 545 
United_States_005903.jpg,3 93 415 622 632 
United_States_005103.jpg,
United_States_005199.jpg,1 356 502 439 638 
United_States_004897.jpg,2 42 446 503 531 1 421 390 638 541 
United_States_005914.jpg,2 4 470 420 508 
United_States_005458.jpg,1 299 400 396 636 
United_States_004811.jpg,1 224 375 268 448 
United_States_005269.jpg,2 0 464 135 487 
United_States_005844.jpg,2 411 586 505 606 1 264 458 448 638 
United_States_005883.jpg,
United_States_005926.jpg,1 296 454 356 637 2 356 575 474 622 2 3 452 276 478 
United_States_005425.jpg,1 382 570 422 639 
United_States_005113.jpg,1 116 454 177 562 
United_States_005639.jpg,1 324 396 544 631 
United_States_005306.jpg,1 443 391 636 489 3 314 388 475 573 
United_States_005961.jpg,3 0 371 221 576 
United_States_005718.jpg,1 152 442 287 636 2 334 579 475 621 1 379 407 535 632 
United_States_005360.jpg,1 246 511 309 579 
United_States_005551.jpg,1 242 501 279 638 
United_States_005433.jpg,1 46 460 123 616 
United_States_005706.jpg,1 289 440 465 637 2 339 424 464 455 
United_States_005796.jpg,1 473 425 638 502 
United_States_005519.jpg,3 373 500 447 636 
United_States_005747.jpg,3 172 375 535 638 
United_States_005788.jpg,1 335 391 367 524 
United_States_005525.jpg,1 184 377 270 551 1 502 516 543 562 
United_States_005653.jpg,2 508 527 639 581 1 209 364 308 635 
United_States_005157.jpg,1 0 480 107 614 
United_States_005438.jpg,3 12 424 181 632 1 231 400 291 637 1 342 435 377 469 
United_States_005987.jpg,1 292 409 335 520 2 212 589 414 631 
United_States_004992.jpg,1 297 556 337 639 
United_States_005139.jpg,1 217 394 286 637 
United_States_005417.jpg,2 164 488 376 529 
United_States_005429.jpg,1 207 386 241 467 2 3 480 386 521 1 268 378 321 638 
United_States_005001.jpg,2 93 519 356 549 
United_States_005275.jpg,1 365 370 627 530 
United_States_005827.jpg,1 2 381 189 470 1 474 424 635 551 
United_States_005989.jpg,
United_States_005515.jpg,1 206 430 233 519 
United_States_005512.jpg,3 212 429 311 638 1 577 476 639 524 
United_States_005912.jpg,
United_States_005504.jpg,1 352 476 374 537 
United_States_005418.jpg,1 224 394 253 503 
United_States_005477.jpg,1 11 400 84 620 
United_States_005343.jpg,1 378 477 483 639 
United_States_005435.jpg,1 309 399 378 473 
United_States_004872.jpg,1 0 400 186 538 
United_States_005256.jpg,2 408 540 581 574 
United_States_005737.jpg,3 47 380 291 625 
United_States_005006.jpg,1 405 434 638 556 
United_States_005930.jpg,2 402 521 623 578 1 471 435 624 526 
United_States_005027.jpg,1 64 454 194 635 2 451 529 637 564 
United_States_005257.jpg,2 293 497 516 527 
United_States_004931.jpg,1 385 465 560 637 1 437 414 551 476 
United_States_004957.jpg,2 0 441 545 596 
United_States_004853.jpg,1 207 377 277 545 2 139 534 484 629 
United_States_005252.jpg,3 219 501 348 639 
United_States_005541.jpg,1 176 397 289 635 
United_States_005643.jpg,1 106 469 222 636 
United_States_005857.jpg,2 11 516 431 568 1 366 437 552 637 
United_States_005327.jpg,4 124 518 156 548 4 339 533 390 582 
United_States_005479.jpg,
United_States_005274.jpg,1 56 546 163 618 
United_States_005621.jpg,1 221 504 258 639 1 365 579 401 639 
United_States_005386.jpg,1 252 519 300 639 1 326 523 385 605 1 177 509 197 558 
United_States_005735.jpg,1 442 461 575 616 
United_States_005559.jpg,1 81 410 106 468 1 197 408 322 554 
United_States_005403.jpg,2 485 584 639 628 
United_States_005439.jpg,1 493 435 636 531 
United_States_004835.jpg,1 212 449 288 637 
United_States_004899.jpg,3 160 425 448 638 
United_States_005349.jpg,1 2 376 211 542 2 81 437 401 464 
United_States_005771.jpg,1 368 432 431 552 1 159 467 214 586 2 193 494 266 510 
United_States_005407.jpg,1 248 398 365 632 
United_States_005996.jpg,1 142 380 250 634 
United_States_005878.jpg,
United_States_005280.jpg,1 122 430 226 563 
United_States_005093.jpg,1 259 510 326 639 1 122 503 188 639 
United_States_005084.jpg,1 482 540 502 589 
United_States_005518.jpg,1 236 513 264 636 
United_States_005421.jpg,2 356 613 540 638 1 320 580 367 639 
United_States_005687.jpg,1 291 396 377 638 
United_States_005253.jpg,1 388 396 485 489 
United_States_005900.jpg,1 418 420 637 610 
United_States_005183.jpg,2 295 444 496 475 
United_States_005598.jpg,2 3 525 223 578 1 218 545 258 638 
United_States_005314.jpg,1 383 468 417 548 
United_States_004864.jpg,2 500 511 598 542 1 337 549 369 638 1 410 411 575 636 
United_States_004974.jpg,1 34 386 130 438 1 158 386 215 521 2 0 428 182 450 1 0 442 50 495 
United_States_005238.jpg,1 395 468 457 567 
United_States_005122.jpg,1 151 483 181 639 
United_States_005196.jpg,1 210 439 260 633 2 290 461 554 526 
United_States_005840.jpg,1 410 328 441 374 
United_States_005132.jpg,1 8 393 190 556 
United_States_005478.jpg,3 184 380 253 466 
United_States_004987.jpg,1 388 522 440 638 
United_States_005374.jpg,1 378 428 589 632 
United_States_004971.jpg,1 330 437 357 551 
United_States_005540.jpg,1 278 459 319 620 2 121 442 442 467 
United_States_005902.jpg,1 84 529 162 602 1 398 567 429 639 
United_States_005685.jpg,1 298 481 339 638 
United_States_005843.jpg,
United_States_005012.jpg,1 343 498 426 581 
United_States_005798.jpg,2 86 513 313 574 
United_States_004842.jpg,1 104 475 197 637 
United_States_005532.jpg,1 220 479 293 636 
United_States_005787.jpg,1 391 502 537 639 
United_States_005219.jpg,1 119 407 230 602 1 272 463 290 493 
United_States_005310.jpg,1 477 378 587 514 1 473 460 577 622 
United_States_005834.jpg,1 129 356 248 459 2 477 536 637 568 
United_States_005776.jpg,2 344 425 637 451 
United_States_005322.jpg,2 1 482 538 537 
United_States_005037.jpg,1 291 444 342 638 2 0 566 104 597 3 87 518 221 601 
United_States_005075.jpg,
United_States_005812.jpg,1 281 458 306 540 1 54 426 166 539 1 0 515 56 621 
United_States_005784.jpg,1 442 403 638 505 1 296 385 401 553 
United_States_005121.jpg,2 128 510 216 529 1 290 389 323 500 1 315 491 359 638 
United_States_005206.jpg,4 371 399 408 454 4 471 439 498 461 
United_States_005924.jpg,1 37 425 184 617 1 266 441 376 633 2 0 425 134 455 1 127 387 165 433 
United_States_005555.jpg,2 366 531 430 566 1 84 435 137 570 
United_States_005671.jpg,1 79 530 108 578 
United_States_005170.jpg,1 238 484 307 638 
United_States_005300.jpg,1 268 571 299 639 
United_States_004926.jpg,1 394 425 596 626 
United_States_005752.jpg,2 0 451 430 540 1 338 386 372 452 
United_States_005214.jpg,1 331 422 551 636 1 390 416 629 573 1 20 448 124 620 
United_States_005198.jpg,1 74 524 135 616 
United_States_005292.jpg,2 8 474 238 541 
United_States_005684.jpg,2 72 513 190 561 
United_States_005859.jpg,1 464 488 638 608 
United_States_005473.jpg,
United_States_005998.jpg,1 292 433 400 635 
United_States_005767.jpg,2 216 549 415 600 
United_States_004982.jpg,1 427 398 637 542 1 339 401 404 535 
United_States_005517.jpg,1 77 482 134 599 1 204 391 226 449 1 364 493 462 626 
United_States_004921.jpg,3 2 396 203 616 
United_States_005851.jpg,1 299 391 354 483 1 357 424 547 636 
United_States_005397.jpg,1 323 472 395 637 
United_States_005105.jpg,1 130 466 243 560 2 493 494 637 520 
United_States_005566.jpg,2 49 466 272 492 2 324 443 417 461 
United_States_004834.jpg,1 228 569 264 639 
United_States_005630.jpg,3 14 418 239 637 
United_States_005058.jpg,1 72 523 130 638 
United_States_005666.jpg,3 114 399 602 636 1 364 374 634 545 
United_States_005547.jpg,2 135 463 350 486 
United_States_005153.jpg,2 89 437 233 461 
United_States_004894.jpg,
United_States_005866.jpg,2 190 446 560 477 
United_States_005574.jpg,1 245 463 289 638 1 80 447 178 633 
United_States_005936.jpg,1 250 495 300 639 1 334 500 463 622 
United_States_005158.jpg,3 2 465 392 635 1 1 360 173 484 
United_States_004860.jpg,2 184 452 343 481 
United_States_005757.jpg,2 230 410 390 444 
United_States_005008.jpg,1 417 468 458 565 
United_States_005538.jpg,2 188 490 545 536 3 331 487 544 637 
United_States_004942.jpg,3 35 413 258 623 
United_States_005467.jpg,1 301 441 357 637 
United_States_005160.jpg,2 386 573 489 593 
United_States_005887.jpg,1 349 418 533 634 1 286 502 363 638 1 460 437 638 562 
United_States_005291.jpg,1 71 393 200 635 
United_States_005839.jpg,3 237 465 357 638 1 240 402 262 496 1 63 504 161 631 
United_States_005396.jpg,3 0 476 221 633 
United_States_004819.jpg,1 471 575 522 637 
United_States_005779.jpg,2 118 495 381 543 
United_States_005048.jpg,1 409 414 560 637 
United_States_005539.jpg,1 119 418 227 633 
United_States_005786.jpg,1 269 500 350 636 
United_States_005452.jpg,1 383 506 519 638 1 251 412 283 456 2 6 448 290 516 
United_States_005576.jpg,3 505 521 639 620 
United_States_005059.jpg,1 291 401 355 637 2 0 571 220 607 
United_States_005335.jpg,1 356 484 487 638 1 0 382 130 587 2 0 421 398 476 
United_States_005909.jpg,1 65 456 142 594 
United_States_005446.jpg,2 0 550 176 598 2 233 451 356 488 2 311 535 599 602 1 311 415 414 571 1 187 437 215 532 
United_States_005725.jpg,2 74 459 216 480 1 207 416 312 636 2 493 471 638 503 3 198 394 578 638 
United_States_005509.jpg,2 105 496 311 539 
United_States_004951.jpg,1 194 429 374 636 1 127 382 150 428 
United_States_005195.jpg,1 331 453 423 561 1 304 372 385 457 2 474 580 561 602 
United_States_005224.jpg,2 0 473 368 512 2 426 524 638 572 
United_States_004930.jpg,
United_States_005255.jpg,1 250 466 271 534 
United_States_005941.jpg,3 47 459 158 637 
United_States_005022.jpg,1 310 439 402 629 1 60 437 185 615 1 509 425 638 495 
United_States_005904.jpg,2 87 421 273 444 
United_States_005675.jpg,1 1 509 107 587 1 67 561 146 639 
United_States_005233.jpg,1 345 547 424 638 
United_States_004878.jpg,1 135 437 186 558 1 383 449 572 632 1 271 401 305 540 
United_States_005134.jpg,1 170 470 213 555 
United_States_005282.jpg,1 400 398 591 631 
United_States_005588.jpg,3 326 428 487 550 3 314 547 495 639 
United_States_005002.jpg,
United_States_005110.jpg,1 150 469 210 638 2 306 459 462 498 
United_States_005030.jpg,1 52 379 215 611 
United_States_005281.jpg,1 83 437 170 637 
United_States_005727.jpg,1 65 505 135 598 
United_States_004870.jpg,2 184 566 585 622 
United_States_005503.jpg,2 452 493 581 523 1 327 426 373 483 1 2 381 127 445 
United_States_004858.jpg,1 0 415 113 607 2 504 457 632 548 
United_States_005626.jpg,1 419 481 538 576 2 164 539 386 638 1 379 371 637 482 
United_States_005167.jpg,1 270 515 317 639 1 337 518 444 639 
United_States_005644.jpg,1 101 402 336 621 
United_States_005114.jpg,2 111 508 388 553 
United_States_005674.jpg,1 472 482 639 592 1 284 429 359 512 1 219 465 249 540 2 0 524 90 546 
United_States_005207.jpg,1 277 429 296 482 
United_States_005179.jpg,2 238 443 450 479 1 447 490 552 638 
United_States_005746.jpg,1 402 400 569 472 
United_States_005068.jpg,2 420 483 639 565 2 0 545 184 579 
United_States_005695.jpg,3 0 438 281 637 3 353 399 619 634 3 121 365 278 442 
United_States_005311.jpg,1 218 453 242 551 
United_States_005367.jpg,3 1 362 262 569 
United_States_005268.jpg,3 0 384 194 618 2 156 436 339 469 3 300 472 435 556 1 434 390 638 499 
United_States_005332.jpg,1 103 434 167 556 
United_States_005894.jpg,1 129 428 221 637 
United_States_005247.jpg,1 142 450 169 506 1 288 388 388 472 
United_States_005066.jpg,2 0 438 142 466 
United_States_005750.jpg,1 172 397 216 546 2 8 510 337 565 
United_States_005571.jpg,1 434 475 590 625 
United_States_005227.jpg,1 459 523 537 608 
United_States_005561.jpg,3 167 390 415 541 
United_States_005575.jpg,1 0 430 176 609 1 243 361 298 498 2 384 493 591 521 2 113 481 276 510 
United_States_005711.jpg,2 135 514 346 551 
United_States_005072.jpg,
United_States_004980.jpg,1 0 425 150 538 2 59 490 216 515 1 163 419 250 634 
United_States_005245.jpg,2 188 433 463 482 2 156 383 388 412 
United_States_005960.jpg,2 69 464 431 507 
United_States_005171.jpg,1 361 380 554 633 1 94 431 166 521 
United_States_005362.jpg,2 578 598 639 622 
United_States_005208.jpg,1 437 529 563 638 2 228 580 396 626 
United_States_005513.jpg,1 59 433 189 633 2 271 523 440 553 3 228 406 365 468 
United_States_005942.jpg,2 0 504 140 557 1 93 413 183 481 
United_States_005083.jpg,1 354 454 584 634 
United_States_005910.jpg,1 108 366 200 557 
United_States_005889.jpg,2 192 470 361 503 2 1 459 148 487 
United_States_005174.jpg,1 357 537 402 638 
United_States_005602.jpg,3 210 395 494 638 
United_States_005692.jpg,1 54 509 129 616 
United_States_005324.jpg,1 378 422 535 635 1 143 422 268 633 
United_States_005815.jpg,2 0 560 181 589 2 353 521 454 556 
United_States_005354.jpg,2 3 426 331 495 
United_States_005366.jpg,1 80 585 150 639 
United_States_005739.jpg,2 110 477 289 524 
United_States_006003.jpg,
United_States_005062.jpg,1 245 386 282 516 
United_States_005986.jpg,1 92 413 193 636 
United_States_005344.jpg,2 9 455 204 486 
United_States_005484.jpg,1 435 439 582 629 
United_States_005490.jpg,2 548 528 639 617 
United_States_005283.jpg,
United_States_005481.jpg,1 250 579 276 639 
United_States_004920.jpg,1 155 375 284 631 1 330 410 389 631 1 416 466 554 637 
United_States_004863.jpg,1 86 408 167 519 
United_States_004958.jpg,2 0 467 190 501 
United_States_005648.jpg,4 255 505 279 540 
United_States_005888.jpg,1 230 494 298 639 
United_States_005573.jpg,3 0 409 142 617 2 424 502 527 531 
United_States_005172.jpg,2 529 597 639 621 2 0 494 593 529 1 241 417 289 548 
United_States_004910.jpg,3 2 381 633 636 
United_States_005295.jpg,2 0 566 428 609 3 0 446 122 537 
United_States_004893.jpg,1 342 503 394 632 1 415 597 467 639 
United_States_005966.jpg,1 489 540 593 636 1 363 395 433 580 1 401 390 495 498 1 199 387 301 634 2 78 477 219 505 
United_States_004907.jpg,1 173 462 203 542 
United_States_005237.jpg,2 361 451 512 474 
United_States_004887.jpg,1 330 391 418 495 1 369 498 407 565 1 315 416 358 502 
United_States_005969.jpg,
United_States_005104.jpg,1 103 459 217 622 
United_States_005405.jpg,2 0 557 194 586 2 407 567 517 593 
United_States_005222.jpg,1 159 364 199 474 
United_States_004838.jpg,
United_States_005978.jpg,2 455 587 587 617 
United_States_005605.jpg,1 73 500 124 594 1 431 487 576 633 1 326 475 409 589 
United_States_005178.jpg,1 482 491 607 626 1 19 470 143 615 2 367 474 634 503 1 236 470 264 511 2 168 428 290 450 
United_States_005552.jpg,1 114 424 165 551 
United_States_005047.jpg,1 146 395 246 484 1 391 414 526 633 2 11 473 637 523 
United_States_005312.jpg,3 0 420 333 629 
United_States_005125.jpg,3 1 344 398 634 
United_States_004915.jpg,2 0 547 195 580 
United_States_006002.jpg,3 100 405 178 632 2 218 464 340 504 
United_States_005315.jpg,1 104 449 218 613 1 588 419 639 459 1 433 435 586 490 2 235 441 396 467 
United_States_004949.jpg,2 0 498 460 587 
United_States_005881.jpg,1 0 408 180 588 
United_States_005604.jpg,1 135 482 209 631 
United_States_004914.jpg,1 298 387 326 478 2 295 502 493 543 1 366 404 389 478 1 374 537 417 638 
United_States_005915.jpg,
United_States_005331.jpg,1 4 501 99 617 1 296 429 428 582 
United_States_005957.jpg,1 500 386 566 507 1 443 430 476 572 
United_States_005496.jpg,1 320 410 464 636 1 68 473 136 575 
United_States_005963.jpg,1 450 499 548 639 
United_States_005020.jpg,1 250 497 272 569 
United_States_005534.jpg,1 330 393 556 636 1 307 499 351 552 2 0 549 112 577 
United_States_004886.jpg,1 235 533 285 638 
United_States_005061.jpg,2 184 568 408 596 2 250 516 327 535 
United_States_005663.jpg,2 19 458 287 496 
United_States_005474.jpg,1 20 416 165 554 
United_States_005818.jpg,1 517 417 634 623 
United_States_005065.jpg,2 0 520 208 552 1 447 455 618 620 
United_States_005634.jpg,3 129 529 322 636 
United_States_005853.jpg,2 158 445 345 509 
United_States_005401.jpg,
United_States_005753.jpg,2 271 479 439 527 1 2 384 128 485 
United_States_005715.jpg,1 0 494 153 618 
United_States_005376.jpg,1 0 452 90 548 1 42 513 111 586 
United_States_005305.jpg,1 276 438 334 625 2 0 557 147 593 
United_States_005424.jpg,2 254 584 387 629 
United_States_005357.jpg,2 0 439 367 511 1 152 365 211 638 
United_States_004996.jpg,1 16 444 162 614 1 255 399 312 558 
United_States_005686.jpg,1 178 427 237 561 1 303 424 342 540 
United_States_005729.jpg,2 298 494 436 542 1 434 497 602 624 1 299 422 348 502 1 112 383 177 627 
United_States_005802.jpg,2 386 498 541 543 3 251 405 403 596 
United_States_005211.jpg,1 221 384 307 636 
United_States_005601.jpg,1 186 593 223 639 
United_States_005046.jpg,1 523 588 591 639 
United_States_004873.jpg,
United_States_005863.jpg,2 0 491 221 517 
United_States_004973.jpg,1 130 469 225 585 1 141 395 220 465 2 48 442 639 479 
United_States_005213.jpg,1 37 415 156 523 1 320 415 453 636 
United_States_005720.jpg,3 112 390 260 638 3 0 390 120 479 2 411 456 543 485 
United_States_005317.jpg,1 0 361 241 513 1 142 371 294 635 
United_States_005163.jpg,3 86 479 252 632 
United_States_005625.jpg,
United_States_004991.jpg,
United_States_004960.jpg,2 0 457 461 528 1 450 466 594 621 2 17 542 134 567 
United_States_004999.jpg,2 3 536 221 572 
United_States_004828.jpg,1 115 479 157 584 2 185 445 261 472 
United_States_005567.jpg,3 333 408 638 637 
United_States_005260.jpg,2 131 523 218 543 1 467 437 638 566 
United_States_005583.jpg,2 147 464 403 499 
United_States_005678.jpg,1 62 473 132 630 1 466 526 580 636 
United_States_004808.jpg,1 363 472 409 590 
United_States_004840.jpg,1 291 432 351 559 
United_States_005871.jpg,2 87 439 367 468 
United_States_005126.jpg,1 197 430 250 560 
United_States_005201.jpg,2 91 464 245 502 1 0 410 116 519 
United_States_005128.jpg,1 220 398 338 526 
United_States_005755.jpg,1 393 558 428 638 
United_States_005287.jpg,2 260 464 636 540 
United_States_005654.jpg,2 3 438 429 535 1 188 370 263 479 
United_States_005805.jpg,1 462 437 533 515 1 360 546 464 638 1 362 399 418 483 1 297 450 435 551 
United_States_005043.jpg,1 343 410 417 622 1 470 410 637 513 
United_States_005032.jpg,1 310 380 350 637 
United_States_005762.jpg,1 144 408 212 522 
United_States_004955.jpg,3 89 365 617 637 
United_States_004984.jpg,3 399 444 516 524 
United_States_005981.jpg,1 252 439 393 610 
United_States_004807.jpg,3 203 508 336 639 
United_States_005585.jpg,1 269 428 334 637 
United_States_005618.jpg,1 201 516 252 638 1 36 507 112 620 
United_States_005920.jpg,1 24 381 133 500 
United_States_005543.jpg,2 0 460 173 496 1 92 376 227 637 2 41 411 445 437 2 300 500 523 568 
United_States_004877.jpg,1 59 517 161 636 2 349 473 480 496 1 211 383 285 555 
United_States_005609.jpg,2 438 486 634 512 
United_States_004911.jpg,1 453 463 595 632 1 66 455 198 619 1 388 395 404 424 2 74 436 348 466 2 0 538 286 594 
United_States_005262.jpg,2 429 569 617 592 
United_States_004967.jpg,
United_States_005431.jpg,
United_States_004882.jpg,1 57 500 121 580 1 101 433 138 480 
United_States_005368.jpg,1 81 439 160 636 1 271 468 290 521 
United_States_005792.jpg,2 0 536 214 569 1 201 477 239 638 
United_States_005353.jpg,2 239 574 636 635 1 344 449 409 584 
United_States_004843.jpg,1 137 376 283 575 
United_States_005862.jpg,1 330 507 424 598 
United_States_005118.jpg,3 351 466 637 603 
United_States_004822.jpg,3 391 457 601 636 1 528 432 638 487 2 158 452 260 472 2 144 477 259 494 
United_States_005116.jpg,1 311 418 347 547 
United_States_005430.jpg,2 1 490 627 586 
United_States_005778.jpg,1 106 498 188 636 
United_States_005470.jpg,1 66 385 204 634 2 152 469 310 512 
United_States_004809.jpg,2 332 560 452 585 1 310 501 351 639 1 299 445 344 500 
United_States_005244.jpg,1 369 405 600 628 
United_States_005617.jpg,2 1 465 406 519 2 565 537 639 568 1 278 387 401 637 1 348 545 401 638 
United_States_005080.jpg,2 208 451 453 518 2 0 511 420 560 
United_States_005917.jpg,3 141 410 516 638 
United_States_005952.jpg,
United_States_005480.jpg,1 365 433 455 507 
United_States_005382.jpg,1 295 558 343 639 1 440 592 501 639 
United_States_005578.jpg,2 0 398 274 439 1 118 380 172 633 
United_States_005970.jpg,2 373 472 608 540 
United_States_005155.jpg,1 295 480 358 638 1 56 504 101 576 1 129 586 155 639 1 113 433 149 476 
United_States_005849.jpg,1 265 442 336 638 1 4 509 86 594 
United_States_004898.jpg,2 436 586 481 632 1 197 453 242 607 
United_States_005154.jpg,1 1 484 155 626 1 216 364 320 629 1 356 370 379 418 2 1 433 277 465 
United_States_005169.jpg,2 92 458 350 540 
United_States_005106.jpg,1 344 515 440 639 1 160 481 238 627 
United_States_005907.jpg,2 0 545 77 567 2 94 467 451 550 
United_States_005661.jpg,1 224 405 306 549 1 81 445 136 603 
United_States_005120.jpg,1 418 461 512 581 
United_States_005658.jpg,1 242 552 285 638 
United_States_005713.jpg,1 205 514 251 639 2 150 574 377 599 
United_States_005188.jpg,1 45 493 113 617 1 174 361 207 535 
United_States_005751.jpg,3 1 392 427 638 
United_States_005413.jpg,1 63 514 125 638 1 184 491 213 580 
United_States_005956.jpg,1 319 426 397 638 1 380 425 503 578 1 124 542 203 637 
United_States_005629.jpg,2 101 511 285 540 
United_States_005273.jpg,2 262 447 620 494 2 89 426 381 456 
United_States_005935.jpg,
United_States_005390.jpg,2 265 491 315 505 
United_States_005516.jpg,
United_States_005537.jpg,2 87 525 305 589 2 0 533 203 559 
United_States_005466.jpg,4 82 440 147 469 4 75 481 112 506 3 77 396 305 635 
United_States_005856.jpg,1 131 407 190 637 3 310 475 454 637 
United_States_005486.jpg,1 272 537 329 637 2 357 489 489 538 1 130 466 168 546 
United_States_005774.jpg,1 49 458 170 616 
United_States_005968.jpg,1 70 467 166 635 1 391 509 495 616 
United_States_005793.jpg,2 543 491 639 513 
United_States_004836.jpg,2 260 454 485 492 1 65 415 199 629 1 235 370 267 637 
United_States_004890.jpg,1 220 442 238 478 1 396 427 565 638 
United_States_005759.jpg,1 206 374 284 634 1 401 380 632 542 1 302 415 390 634 
United_States_005152.jpg,1 192 400 248 533 
United_States_005044.jpg,1 142 435 209 634 
United_States_005507.jpg,1 185 580 208 639 1 323 573 368 638 1 362 478 595 634 
United_States_005664.jpg,2 328 466 543 500 1 276 438 342 548 1 186 391 210 450 
United_States_005186.jpg,
United_States_005101.jpg,2 263 438 449 463 
United_States_005328.jpg,1 256 361 308 549 2 286 461 452 504 1 129 563 173 638 
United_States_005444.jpg,2 0 484 116 510 
United_States_005651.jpg,1 303 388 338 493 2 165 424 426 449 
United_States_005885.jpg,2 0 548 146 578 3 339 439 548 636 
United_States_004993.jpg,1 85 496 116 593 2 0 459 135 489 
United_States_005454.jpg,2 0 468 595 527 1 260 525 300 639 
United_States_005635.jpg,2 379 434 635 466 
United_States_005326.jpg,1 313 430 366 533 1 518 458 639 535 
United_States_005861.jpg,1 292 404 383 554 
United_States_005166.jpg,1 420 424 635 620 3 90 392 263 631 
United_States_005192.jpg,1 0 396 196 542 2 511 602 639 628 
United_States_005624.jpg,1 60 492 154 629 2 0 503 97 526 
United_States_005701.jpg,1 379 449 586 632 
United_States_004866.jpg,2 179 461 292 503 2 93 470 176 493 2 356 427 475 456 
United_States_005745.jpg,1 303 424 454 636 
United_States_005850.jpg,1 359 450 524 638 
United_States_005823.jpg,2 0 511 175 555 
United_States_005102.jpg,
United_States_005568.jpg,1 48 414 163 619 2 164 432 275 452 
United_States_004983.jpg,1 202 418 288 636 
United_States_005096.jpg,2 433 533 598 576 1 149 399 256 634 
United_States_005620.jpg,2 88 587 178 638 
United_States_005398.jpg,1 363 552 413 638 
United_States_004827.jpg,2 105 453 240 487 
United_States_005949.jpg,1 176 400 270 636 1 393 416 509 531 
United_States_005498.jpg,1 240 386 265 438 
United_States_004862.jpg,1 117 429 195 580 
United_States_005017.jpg,2 273 434 397 474 2 318 408 455 438 1 338 444 505 634 
United_States_005931.jpg,1 328 511 362 573 
United_States_005898.jpg,
United_States_005556.jpg,2 286 464 510 557 1 195 385 288 635 
United_States_005982.jpg,2 0 482 392 523 
United_States_004876.jpg,1 365 423 504 631 1 0 427 200 610 
United_States_005137.jpg,1 212 413 261 637 
United_States_005303.jpg,1 15 442 80 613 1 228 450 257 535 2 48 528 275 615 
United_States_005205.jpg,1 258 521 357 639 
United_States_005148.jpg,1 268 395 351 551 1 188 421 249 556 
United_States_004861.jpg,1 305 444 346 636 1 346 377 411 548 2 145 416 499 456 
United_States_005919.jpg,1 73 485 151 637 
United_States_005060.jpg,2 360 485 566 549 1 422 408 637 523 1 108 380 221 636 2 0 469 157 493 
United_States_005652.jpg,2 377 540 596 569 
United_States_005600.jpg,2 0 560 101 591 1 285 392 522 634 
United_States_005100.jpg,1 408 393 638 598 3 4 412 297 627 1 389 461 433 526 
United_States_005523.jpg,1 317 397 550 634 
United_States_005975.jpg,1 0 404 120 603 
United_States_005732.jpg,1 206 382 236 637 2 263 537 501 618 1 435 509 540 615 
United_States_005782.jpg,
United_States_005298.jpg,1 262 517 302 639 
United_States_005497.jpg,2 460 473 565 498 2 107 468 271 494 
United_States_005740.jpg,2 0 531 199 566 2 247 473 602 562 
United_States_005884.jpg,2 502 458 638 497 1 447 506 565 636 
United_States_005913.jpg,1 274 491 356 637 
United_States_005164.jpg,2 133 559 459 638 
United_States_005911.jpg,1 288 429 416 562 1 394 444 598 622 
United_States_005239.jpg,1 57 468 140 613 2 1 449 116 473 2 0 592 111 615 2 148 446 284 473 
United_States_005094.jpg,1 176 391 266 551 
United_States_005979.jpg,1 383 582 405 637 
United_States_005384.jpg,1 89 381 169 489 2 0 543 114 593 2 341 512 427 535 
United_States_005542.jpg,1 314 506 354 639 1 213 500 276 639 1 71 477 224 631 
United_States_004889.jpg,3 0 366 459 636 
United_States_005592.jpg,
United_States_004948.jpg,2 1 517 179 559 1 235 424 267 498 1 3 399 141 527 1 316 416 368 536 
United_States_005768.jpg,1 156 434 213 637 
United_States_004917.jpg,1 433 449 563 637 2 0 505 456 546 
United_States_004904.jpg,3 317 394 463 637 
United_States_004826.jpg,1 119 422 183 636 2 529 577 639 625 
United_States_005226.jpg,1 122 402 338 611 1 0 402 263 550 2 175 538 468 636 1 265 445 375 637 
United_States_005021.jpg,1 335 449 452 637 
United_States_005380.jpg,2 480 545 620 609 
United_States_005993.jpg,1 256 389 373 637 2 340 486 515 541 
United_States_005448.jpg,
United_States_005200.jpg,1 90 407 229 634 2 343 521 520 547 1 303 447 348 541 2 328 562 564 593 
United_States_005972.jpg,2 318 513 639 578 
United_States_005564.jpg,1 338 399 565 635 1 168 431 223 636 
United_States_005123.jpg,1 189 424 346 636 
United_States_005535.jpg,1 71 407 144 635 
United_States_005511.jpg,2 244 417 419 442 
United_States_005025.jpg,1 120 390 262 633 
United_States_005905.jpg,2 216 477 337 512 
United_States_005682.jpg,1 263 398 286 454 
United_States_005189.jpg,1 110 428 195 565 
United_States_005272.jpg,1 0 458 165 568 
United_States_005536.jpg,1 274 403 503 636 2 366 488 611 581 
United_States_005723.jpg,1 453 493 543 639 
United_States_005613.jpg,1 3 540 55 615 
United_States_005339.jpg,2 252 537 491 630 
United_States_005038.jpg,
United_States_005156.jpg,3 125 495 229 561 
United_States_005202.jpg,2 237 562 565 638 1 290 475 312 528 1 269 548 287 590 
United_States_005951.jpg,2 471 502 639 524 
United_States_005916.jpg,1 99 483 199 637 
United_States_005835.jpg,1 408 457 528 638 
United_States_004892.jpg,
United_States_005622.jpg,1 151 466 249 635 
United_States_005087.jpg,1 431 474 536 555 1 316 435 390 545 1 410 546 478 638 
United_States_004869.jpg,1 60 412 170 624 
United_States_005000.jpg,1 233 382 369 634 1 108 521 157 608 
United_States_005400.jpg,1 7 410 182 621 
United_States_005266.jpg,1 298 538 345 638 
United_States_005457.jpg,2 115 483 459 549 1 330 569 356 638 
United_States_005680.jpg,2 78 446 434 502 
United_States_005248.jpg,1 63 479 186 581 
United_States_005089.jpg,
United_States_005422.jpg,3 262 423 476 636 
United_States_005445.jpg,1 269 478 329 639 3 366 496 631 638 
United_States_005055.jpg,2 45 465 252 493 2 201 430 378 463 
United_States_005142.jpg,1 60 415 173 634 2 241 570 417 624 
United_States_005855.jpg,1 67 402 210 619 3 287 465 415 561 
United_States_005041.jpg,2 1 495 296 531 
United_States_005302.jpg,1 345 473 431 586 
United_States_005549.jpg,1 23 394 207 619 
United_States_005587.jpg,1 182 411 272 634 2 89 522 201 561 1 354 434 449 635 
United_States_005852.jpg,1 268 396 311 519 
United_States_005510.jpg,2 0 504 127 529 2 388 500 518 521 1 440 408 629 545 
United_States_005995.jpg,1 202 581 228 639 1 398 544 544 639 
United_States_005018.jpg,1 342 376 394 448 1 221 412 259 487 1 313 434 373 638 
United_States_005365.jpg,1 408 488 517 632 
United_States_005811.jpg,2 421 545 576 569 2 4 541 161 575 
United_States_005807.jpg,1 398 526 481 605 1 529 555 593 595 
United_States_005921.jpg,2 0 539 160 595 
United_States_005143.jpg,1 0 487 74 597 
United_States_004851.jpg,1 172 458 241 637 
United_States_005399.jpg,
United_States_004997.jpg,1 150 471 181 590 1 45 418 93 519 
United_States_005870.jpg,1 422 511 533 625 
United_States_005607.jpg,3 303 436 436 501 
United_States_005375.jpg,3 5 395 384 638 
United_States_005469.jpg,1 211 444 242 559 1 295 530 357 638 2 40 451 498 608 1 121 372 182 470 1 218 356 262 445 
United_States_005836.jpg,2 208 517 349 543 
United_States_005453.jpg,1 228 462 262 555 
United_States_005381.jpg,3 313 410 541 637 
United_States_005077.jpg,1 65 451 177 596 
United_States_005333.jpg,1 60 402 208 619 
United_States_005677.jpg,1 357 521 416 638 
United_States_005520.jpg,2 111 425 392 456 
United_States_004963.jpg,1 350 411 466 634 
United_States_005845.jpg,
United_States_005330.jpg,3 348 481 452 639 
United_States_004970.jpg,1 30 434 188 602 
United_States_005074.jpg,2 3 465 263 514 
United_States_005672.jpg,2 302 463 429 508 
United_States_005412.jpg,1 300 511 363 639 
United_States_005649.jpg,2 241 536 377 558 1 191 535 243 639 
United_States_005945.jpg,2 319 501 462 524 
United_States_005011.jpg,1 119 409 247 634 1 315 374 395 635 2 3 470 200 493 2 240 435 517 463 
United_States_005790.jpg,2 80 444 240 473 1 317 386 369 540 
United_States_005562.jpg,2 3 548 191 578 3 190 396 312 564 
United_States_005749.jpg,2 173 431 315 468 
United_States_005977.jpg,1 188 510 277 639 
United_States_005329.jpg,2 320 491 464 515 1 362 414 382 461 
United_States_005527.jpg,2 490 513 638 553 2 442 431 631 461 1 493 546 569 634 2 4 477 300 508 
United_States_005165.jpg,1 170 401 228 511 
United_States_004816.jpg,1 455 506 561 638 1 146 416 238 566 
United_States_005491.jpg,1 115 383 262 528 2 0 565 137 592 
United_States_005584.jpg,1 82 548 168 639 
United_States_005906.jpg,1 466 549 506 638 
United_States_004875.jpg,1 312 420 386 559 2 89 525 171 545 1 179 438 231 576 
United_States_005781.jpg,1 0 436 69 552 
United_States_005838.jpg,2 134 417 622 525 
United_States_005984.jpg,
United_States_005524.jpg,
United_States_004868.jpg,1 226 601 266 639 1 303 532 401 639 
United_States_005434.jpg,1 456 423 538 500 
United_States_005673.jpg,2 0 483 320 556 1 145 417 205 594 
United_States_004814.jpg,1 96 426 165 563 1 317 458 376 547 
United_States_006001.jpg,1 61 366 301 618 2 224 446 449 478 
United_States_005456.jpg,2 289 443 431 466 
United_States_005533.jpg,1 8 403 159 493 
United_States_005432.jpg,3 6 406 464 638 
United_States_005927.jpg,1 34 446 81 499 
United_States_005023.jpg,1 246 394 285 539 
United_States_005197.jpg,1 240 495 326 639 
United_States_005221.jpg,1 386 424 447 568 
United_States_005409.jpg,1 318 385 405 481 1 301 457 380 637 1 159 372 238 596 
United_States_005789.jpg,3 9 424 288 632 
United_States_005250.jpg,1 260 442 283 504 1 1 452 143 614 
United_States_005627.jpg,1 335 489 357 554 
United_States_005939.jpg,1 145 421 280 633 
United_States_005316.jpg,1 0 427 153 553 
United_States_005704.jpg,1 237 467 304 638 
United_States_005754.jpg,1 241 433 341 639 
United_States_005833.jpg,1 2 390 193 510 1 235 380 319 633 
United_States_005586.jpg,1 246 553 293 639 1 317 531 352 580 1 410 538 569 639 1 365 607 424 639 
United_States_005355.jpg,1 36 397 123 542 
United_States_005804.jpg,1 217 448 270 564 
United_States_005402.jpg,2 129 548 381 637 
United_States_004850.jpg,
United_States_005821.jpg,1 322 492 415 638 1 273 493 320 637 1 225 509 256 638 
United_States_004950.jpg,4 519 593 577 639 
United_States_005837.jpg,2 0 501 92 533 2 184 435 344 464 
United_States_005099.jpg,1 334 547 367 638 
United_States_005016.jpg,1 226 470 278 563 
United_States_005251.jpg,3 120 378 223 628 
United_States_005462.jpg,1 52 490 141 622 1 326 545 379 639 
United_States_005129.jpg,2 36 563 186 588 1 335 453 439 608 2 416 509 534 546 
United_States_004925.jpg,2 100 486 237 513 
United_States_005091.jpg,1 347 425 552 634 1 456 435 635 546 
United_States_005522.jpg,1 122 496 162 565 
United_States_005320.jpg,2 432 517 614 545 1 356 442 407 551 
United_States_005372.jpg,1 287 526 326 639 1 207 497 227 527 1 128 573 192 639 
United_States_004936.jpg,1 0 356 110 527 
United_States_005572.jpg,2 427 518 639 571 1 402 412 526 524 
United_States_005361.jpg,1 410 402 636 601 3 1 414 233 618 2 533 492 639 516 
United_States_005465.jpg,2 450 439 637 462 
United_States_005546.jpg,3 18 384 424 635 
United_States_004846.jpg,3 45 430 346 610 1 328 410 551 635 
United_States_004918.jpg,1 401 478 554 638 
United_States_005191.jpg,2 0 570 102 596 3 177 382 328 537 
United_States_005868.jpg,
United_States_005301.jpg,
United_States_005681.jpg,1 182 381 248 570 
United_States_005593.jpg,3 255 415 431 631 1 119 478 165 590 
United_States_005860.jpg,
United_States_005007.jpg,2 226 484 335 523 2 248 420 358 445 
United_States_005947.jpg,1 151 398 234 637 2 236 433 512 490 2 61 443 199 463 1 21 527 91 618 
United_States_005940.jpg,1 281 392 340 485 1 154 481 215 637 1 386 434 520 612 
